1 522859 523194 X 3508384 3508130 color=lorange
1 522859 523194 X 20656428 20656679 color=lorange
1 522859 523194 X 3519561 3519490 color=lorange
1 522859 523194 X 15007156 15007224 color=lorange
1 522859 523194 X 16181884 16182099 color=lorange
1 522859 523194 X 16182789 16182857 color=lorange
1 522859 523194 X 14758182 14758111 color=lorange
1 522859 523194 X 16097662 16097603 color=lorange
1 522859 523194 X 19180475 19180404 color=lorange
1 522859 523194 X 289998 290186 color=lorange
1 522859 523194 X 6748886 6748957 color=lorange
1 522859 523194 X 1452722 1452639 color=lorange
1 522859 523194 X 20325905 20325976 color=lorange
1 522859 523194 X 19108047 19108124 color=lorange
1 522859 523194 X 15021624 15021553 color=lorange
1 522859 523194 X 19103764 19103832 color=lorange
1 522859 523194 X 1274842 1274922 color=lorange
1 522859 523194 X 3001998 3002069 color=lorange
1 522859 523194 X 6096264 6096335 color=lorange
1 538487 538840 X 21466197 21466093 color=lorange
1 538487 538840 X 14669355 14669609 color=lorange
1 538487 538840 X 2539169 2539065 color=lorange
1 538487 538840 X 20578131 20578027 color=lorange
1 538487 538840 X 6730381 6730470 color=lorange
1 538487 538840 X 3198223 3198119 color=lorange
1 538487 538840 X 15300837 15300935 color=lorange
1 538487 538840 X 18462292 18462396 color=lorange
1 538487 538840 X 1305317 1305129 color=lorange
1 538487 538840 X 6853571 6853675 color=lorange
1 538487 538840 X 17174319 17174423 color=lorange
1 538487 538840 X 5646467 5646613 color=lorange
1 538487 538840 X 384323 384427 color=lorange
1 538487 538840 X 1452722 1452561 color=lorange
1 538487 538840 X 721883 722062 color=lorange
1 538487 538840 X 1824216 1824320 color=lorange
1 538487 538840 X 6540497 6540613 color=lorange
1 538487 538840 X 3121864 3121640 color=lorange
1 538487 538840 X 16097609 16097505 color=lorange
1 538487 538840 X 20889731 20889624 color=lorange
1 538487 538840 X 14355453 14355331 color=lorange
1 538487 538840 X 290191 290313 color=lorange
1 538487 538840 X 15110983 15110879 color=lorange
1 538487 538840 X 13849184 13849291 color=lorange
1 538487 538840 X 22029083 22029133 color=lorange
1 538487 538840 X 13925028 13924960 color=lorange
1 538487 538840 X 17170601 17170419 color=lorange
1 538487 538840 X 20699038 20699106 color=lorange
1 538487 538840 X 6704339 6704416 color=lorange
1 538487 538840 X 20694186 20694290 color=lorange
1 538487 538840 X 1960015 1959917 color=lorange
1 538487 538840 X 19539635 19539567 color=lorange
1 538487 538840 X 5899891 5899787 color=lorange
1 538487 538840 X 19432690 19432788 color=lorange
1 538487 538840 X 14318058 14318201 color=lorange
1 538487 538840 X 16290197 16290271 color=lorange
1 538487 538840 X 1274916 1275020 color=lorange
1 538487 538840 X 5854444 5854331 color=lorange
1 538487 538840 X 1820011 1820115 color=lorange
1 538487 538840 X 377051 377155 color=lorange
1 538487 538840 X 2982846 2982769 color=lorange
1 538487 538840 X 14456043 14456120 color=lorange
1 538487 538840 X 6095606 6095671 color=lorange
1 845058 845354 X 18530799 18530539 color=lorange
1 845058 845354 X 2538826 2538575 color=lorange
1 845058 845354 X 20063562 20063813 color=lorange
1 845058 845354 X 1205693 1205442 color=lorange
1 845058 845354 X 3076680 3076429 color=lorange
1 845058 845354 X 15054694 15054945 color=lorange
1 845058 845354 X 14659274 14659525 color=lorange
1 845058 845354 X 21719970 21720071 color=lorange
1 845058 845354 X 3309975 3309820 color=lorange
1 845058 845354 X 19240780 19240875 color=lorange
1 845058 845354 X 15063075 15063004 color=lorange
1 845058 845354 X 20577696 20577538 color=lorange
1 845058 845354 X 21678686 21678835 color=lorange
1 845058 845354 X 15259422 15259526 color=lorange
1 845058 845354 X 14795242 14795373 color=lorange
1 845058 845354 X 1013499 1013633 color=lorange
1 845058 845354 X 6388584 6388712 color=lorange
1 845058 845354 X 1578701 1578829 color=lorange
1 845058 845354 X 19108417 19108515 color=lorange
1 845058 845354 X 21740651 21740764 color=lorange
1 845058 845354 X 20699492 20699548 color=lorange
1 845058 845354 X 2129392 2129279 color=lorange
1 845058 845354 X 19745583 19745482 color=lorange
1 845058 845354 X 18928223 18928146 color=lorange
1 845058 845354 X 19580642 19580580 color=lorange
1 845058 845354 X 14417098 14417036 color=lorange
1 845058 845354 X 5357671 5357615 color=lorange
1 845058 845354 X 860928 860869 color=lorange
1 1400618 1401022 X 19746150 19746082 color=lorange
1 1400618 1401022 X 1826747 1826664 color=lorange
1 1400618 1401022 X 295187 295255 color=lorange
1 1400618 1401022 X 18523630 18523502 color=lorange
1 1400618 1401022 X 289998 290186 color=lorange
1 1400618 1401022 X 15433995 15433909 color=lorange
1 1400618 1401022 X 18451485 18451339 color=lorange
1 1400618 1401022 X 2129962 2129858 color=lorange
1 1400618 1401022 X 20031990 20032043 color=lorange
1 1400618 1401022 X 17170601 17170467 color=lorange
1 1400618 1401022 X 13848967 13849062 color=lorange
1 1400618 1401022 X 21953847 21953966 color=lorange
1 1400618 1401022 X 3654036 3654125 color=lorange
1 1400618 1401022 X 3310141 3310091 color=lorange
1 1806783 1807238 X 6854079 6854153 color=lorange
1 2481919 2482626 X 18636178 18636107 color=lorange
1 2643412 2643954 X 6235636 6235556 color=lorange
1 2643412 2643954 X 3512630 3512734 color=lorange
1 2643412 2643954 X 610390 610289 color=lorange
1 2643412 2643954 X 21678686 21678748 color=lorange
1 2853720 2854115 X 19746150 19746079 color=lorange
1 2853720 2854115 X 13848970 13849062 color=lorange
1 2853720 2854115 X 20889731 20889627 color=lorange
1 2853720 2854115 X 20699038 20699130 color=lorange
1 2853720 2854115 X 16290197 16290304 color=lorange
1 2853720 2854115 X 295187 295255 color=lorange
1 2901190 2901450 X 21523607 21523696 color=lorange
1 2901190 2901450 X 1305317 1305228 color=lorange
1 2901190 2901450 X 19146177 19146254 color=lorange
1 2901190 2901450 X 14794712 14794780 color=lorange
1 4291413 4292716 X 1295769 1295999 color=lorange
1 4291413 4292716 X 1625372 1624998 color=lorange
1 4291413 4292716 X 5756643 5756374 color=lorange
1 4291413 4292716 X 5756371 5756276 color=lorange
1 5001895 5002323 X 6553035 6553301 color=lorange
1 10399706 10400928 X 8592593 8592387 color=lorange
1 13365881 13366600 X 12122018 12122626 color=lorange
1 13365881 13366600 X 9157505 9156897 color=lorange
1 13365881 13366600 X 12211682 12212290 color=lorange
1 13365881 13366600 X 8971939 8971331 color=lorange
1 14365567 14365869 X 14920781 14920506 color=lorange
1 20016351 20018116 X 13781911 13782003 color=lorange
1 20393298 20398212 X 12256222 12255914 color=lorange
1 20393298 20398212 X 12256837 12256604 color=lorange
1 20393298 20398212 X 9073023 9073304 color=lorange
1 20393298 20398212 X 9112725 9113006 color=lorange
1 20393298 20398212 X 9167859 9168092 color=lorange
1 20393298 20398212 X 8928809 8929090 color=lorange
1 20393298 20398212 X 8928190 8928402 color=lorange
1 20393298 20398212 X 8732607 8732888 color=lorange
1 20393298 20398212 X 8731988 8732200 color=lorange
1 20393298 20398212 X 8803434 8803712 color=lorange
1 20393298 20398212 X 8832856 8833134 color=lorange
1 20393298 20398212 X 8802815 8803027 color=lorange
1 20393298 20398212 X 8832237 8832449 color=lorange
1 20393298 20398212 X 8791241 8791474 color=lorange
1 20393298 20398212 X 8791859 8792083 color=lorange
1 20393298 20398212 X 9233511 9233744 color=lorange
1 20393298 20398212 X 9232819 9233031 color=lorange
1 20393298 20398212 X 8983813 8983923 color=lorange
1 20393298 20398212 X 12200159 12200049 color=lorange
1 20393298 20398212 X 12116568 12116458 color=lorange
1 20393298 20398212 X 8880628 8880840 color=lorange
1 20406391 20407681 X 9180959 9181279 color=lorange
1 20406391 20407681 X 9244841 9245056 color=lorange
1 20406391 20407681 X 8842862 8843077 color=lorange
1 20406391 20407681 X 8891360 8891575 color=lorange
1 20406391 20407681 X 12190694 12190509 color=lorange
1 20406391 20407681 X 12190828 12190685 color=lorange
1 20406391 20407681 X 12107218 12107033 color=lorange
1 20406391 20407681 X 9002202 9002522 color=lorange
1 20406391 20407681 X 5154492 5154629 color=lorange
1 20406391 20407681 X 8811554 8811748 color=lorange
1 20412769 20417549 X 9186566 9186366 color=lorange
1 20412769 20417549 X 12519327 12519103 color=lorange
1 20412769 20417549 X 12518765 12518586 color=lorange
1 20412769 20417549 X 9250501 9250142 color=lorange
1 20412769 20417549 X 7974589 7974365 color=lorange
1 20412769 20417549 X 7974028 7973849 color=lorange
1 20412769 20417549 X 8702382 8702113 color=lorange
1 20412769 20417549 X 8538555 8538779 color=lorange
1 20412769 20417549 X 8539116 8539295 color=lorange
1 20417672 20423328 X 12520307 12519450 color=lorange
1 20417672 20423328 X 8537788 8538432 color=lorange
1 20417672 20423328 X 7975345 7974824 color=lorange
1 20523972 20525745 X 12655520 12655356 color=lorange
