1 658898 667262 NC_079476.1 26040240 26064408 color=mygreen
1 1293161 1293940 NC_079481.1 29835963 29837200 color=mygreen
1 1294944 1296065 NC_079481.1 29835943 29838097 color=mygreen
1 1294944 1296065 NC_079481.1 7120648 7121360 color=mygreen
1 1294944 1296065 NC_079485.1 14547183 14548378 color=mygreen
1 1294944 1296065 NC_079485.1 14547183 14548378 color=mygreen
1 1294944 1296065 NC_079485.1 14547183 14548378 color=mygreen
1 1294944 1296065 NC_079483.1 11958098 11963670 color=mygreen
1 1294944 1296065 NC_079483.1 11958098 11963670 color=mygreen
1 1294944 1296065 NC_079483.1 11958098 11963670 color=mygreen
1 1294944 1296065 NC_079483.1 11958098 11963670 color=mygreen
1 1294944 1296065 NC_079483.1 11958098 11963670 color=mygreen
1 1294944 1296065 NC_079483.1 11958098 11963670 color=mygreen
1 1294944 1296065 NC_079483.1 11958098 11963670 color=mygreen
1 1294944 1296065 NC_079483.1 11958098 11963670 color=mygreen
1 1294944 1296065 NC_079483.1 11958098 11963670 color=mygreen
1 1294944 1296065 NC_079483.1 11958098 11963670 color=mygreen
1 1294944 1296065 NC_079483.1 11958098 11963670 color=mygreen
1 1294944 1296065 NC_079483.1 11958098 11963670 color=mygreen
1 1371125 1393477 NC_079474.1 11698683 11711905 color=mygreen
1 1371125 1393477 NC_079476.1 5802359 5819216 color=mygreen
1 2016846 2024661 NC_079475.1 27882026 28044305 color=mygreen
1 2526272 2526475 NC_079480.1 5291446 5291995 color=mygreen
1 3077686 3078237 NC_079478.1 34439073 34442302 color=mygreen
1 4963085 4964215 NC_079479.1 27127067 27128718 color=mygreen
1 4963085 4964215 NC_079476.1 22800138 22805077 color=mygreen
1 4963085 4964215 NC_079482.1 12397665 12400285 color=mygreen
1 6384537 6405461 NC_079478.1 20327455 20405911 color=mygreen
1 6695533 6696416 NC_079474.1 35140812 35142616 color=mygreen
1 6698628 6702629 NC_079479.1 9061848 9064441 color=mygreen
1 6936006 6940096 NC_079476.1 26958516 27029001 color=mygreen
1 7032508 7038130 NC_079476.1 26935679 26954024 color=mygreen
1 7292174 7299336 NC_079478.1 8613152 8639692 color=mygreen
1 8429203 8430668 NC_079477.1 2884366 2987353 color=mygreen
1 8919056 8920991 NC_079474.1 11642659 11645880 color=mygreen
1 9666698 9668711 NC_079477.1 22742822 22850002 color=mygreen
1 10485133 10487068 NC_079479.1 4645689 4649234 color=mygreen
1 10585717 10587403 NC_079479.1 4649465 4651760 color=mygreen
1 10686970 10698111 NC_079480.1 29537509 29541125 color=mygreen
1 10686970 10698111 NC_079481.1 9872106 9877888 color=mygreen
1 12737615 12747948 NC_079479.1 1098915 1199761 color=mygreen
1 12787775 12809951 NC_079479.1 1098915 1199761 color=mygreen
1 13132824 13135212 NC_079481.1 13555400 13558849 color=mygreen
1 13283934 13288296 NC_079480.1 5970690 5975891 color=mygreen
1 13637256 13638610 NC_079478.1 24194747 24256242 color=mygreen
1 14723531 14728274 NC_079480.1 12196472 12203515 color=mygreen
1 15795558 15798369 NC_079478.1 1160966 1171227 color=mygreen
1 16147338 16147547 NC_079485.1 33679218 33682402 color=mygreen
1 16447627 16450652 NC_079476.1 22875295 23122754 color=mygreen
1 19321903 19323258 NC_079483.1 17406787 17409848 color=mygreen
1 19378565 19382664 NC_079480.1 15472982 15578503 color=mygreen
1 19623767 19633374 NC_079476.1 39463861 39543182 color=mygreen
1 19655390 19658781 NC_079476.1 38869764 38950625 color=mygreen
1 19940955 19945367 NC_079475.1 42064347 42067140 color=mygreen
1 20030930 20043010 NC_079480.1 33453064 33458480 color=mygreen
1 24789169 24794983 NC_079477.1 36392036 36393517 color=mygreen
1 24822205 24841632 NC_079477.1 36392036 36393517 color=mygreen
1 26061441 26061802 NW_026614232.1 260530 260901 color=mygreen
1 26061441 26061802 NW_026614232.1 240930 241301 color=mygreen
1 26061441 26061802 NW_026614232.1 235131 235502 color=mygreen
1 26061441 26061802 NW_026614232.1 224019 224390 color=mygreen
1 26061441 26061802 NW_026614232.1 205134 205505 color=mygreen
1 26860632 26869806 NC_079477.1 37874441 37902398 color=mygreen
1 26913400 26915327 NC_079474.1 42066496 42067947 color=mygreen
1 27824007 27827526 NC_079480.1 12766178 12932359 color=mygreen
1 28955599 28958098 NC_079476.1 31801485 31804090 color=mygreen
1 28958568 28960072 NC_079483.1 8263065 8282824 color=mygreen
1 29456760 29458992 NC_079483.1 13905594 13909182 color=mygreen
1 29523912 29529522 NC_079475.1 18424074 18433861 color=mygreen
1 30259125 30262103 NC_079480.1 5909135 5912739 color=mygreen
1 30325698 30334627 NC_079474.1 2709082 2759655 color=mygreen
1 31132510 31139606 NC_079478.1 17823516 17833962 color=mygreen
1 31140305 31143571 NC_079478.1 17823516 17833962 color=mygreen
1 31559598 31568027 NC_079475.1 18460921 18469711 color=mygreen
1 31591443 31594461 NC_079478.1 7390255 7421113 color=mygreen
1 32671109 32672166 NC_079479.1 1641780 1643036 color=mygreen
1 32799050 32809258 NC_079479.1 24125015 24281104 color=mygreen
1 32799050 32809300 NC_079479.1 24125015 24281104 color=mygreen
1 33927847 33928985 NC_079476.1 2499459 2499808 color=mygreen
1 34332350 34333372 NC_079476.1 1831253 2480769 color=mygreen
1 35643119 35651126 NC_079484.1 2127291 2135244 color=mygreen
1 35985338 35985864 NC_079479.1 29644727 29646785 color=mygreen
1 37097407 37101884 NC_079478.1 29296455 29472208 color=mygreen
1 37359115 37369208 NC_079476.1 461571 513021 color=mygreen
1 37849255 37856963 NC_079482.1 13564611 13814562 color=mygreen
1 38163952 38165658 NC_079479.1 3067990 3071276 color=mygreen
1 38771286 38772127 NC_079479.1 10899233 10900243 color=mygreen
1 38788629 38794398 NC_079479.1 10890559 10891199 color=mygreen
1 38788629 38794398 NC_079479.1 10906751 10907424 color=mygreen
1 38977720 38985708 NC_079479.1 30214996 30225495 color=mygreen
1 39130686 39133518 NC_079480.1 22457017 22461459 color=mygreen
1 39786432 39800922 NC_079474.1 85453 90693 color=mygreen
1 39903670 39917876 NC_079479.1 733487 743735 color=mygreen
1 40164683 40169823 NC_079475.1 41566153 41573532 color=mygreen
1 40384975 40386866 NC_079483.1 8923059 8970549 color=mygreen
1 40409653 40413325 NC_079483.1 8923059 8970549 color=mygreen
1 41207806 41218524 NC_079479.1 30692481 30701169 color=mygreen
1 41322881 41328659 NC_079480.1 24005491 24049158 color=mygreen
1 41759859 41760435 NC_079483.1 7934570 7941386 color=mygreen
1 41949916 41951601 NC_079483.1 7913390 7916102 color=mygreen
1 41949916 41951601 NC_079484.1 16383833 16384358 color=mygreen
1 41949916 41951601 NC_079483.1 24826774 24827956 color=mygreen
1 41949916 41951601 NC_079483.1 21704490 21704904 color=mygreen
1 41949916 41951601 NC_079483.1 22533841 22534251 color=mygreen
1 43594014 43599996 NC_079481.1 32569655 32583609 color=mygreen
1 44332355 44335345 NC_079477.1 28780037 28781204 color=mygreen
1 44354941 44358786 NC_079479.1 29035392 29043557 color=mygreen
1 44479421 44490293 NC_079477.1 17050707 17799537 color=mygreen
1 45079306 45083326 NC_079480.1 13680460 13716745 color=mygreen
1 45884932 45893338 NC_079481.1 9959385 9962950 color=mygreen
1 46260775 46263386 NC_079478.1 35744704 35748618 color=mygreen
1 46912066 46919126 NC_079474.1 32847732 32853058 color=mygreen
1 47311887 47313617 NC_079479.1 31004925 31009991 color=mygreen
1 47319739 47346592 NC_079479.1 1862649 1874520 color=mygreen
1 47512892 47514058 NC_079477.1 28767235 28777336 color=mygreen
2 598132 602533 NC_079477.1 37319052 37320171 color=mygreen
2 657742 666094 NC_079476.1 17294606 17303133 color=mygreen
2 1758160 1764447 NC_079476.1 16843578 16850286 color=mygreen
2 1771535 1780290 NC_079476.1 16799042 16841764 color=mygreen
2 1829285 1841529 NC_079476.1 16761612 16781800 color=mygreen
2 1927177 1937608 NC_079485.1 1871867 1885306 color=mygreen
2 1962702 1966569 NC_079476.1 6827574 6834749 color=mygreen
2 2891793 2903873 NC_079481.1 9024751 9077206 color=mygreen
2 3526050 3535312 NC_079484.1 11443475 11846272 color=mygreen
2 4100068 4102616 NC_079483.1 12619989 12647937 color=mygreen
2 4114676 4115542 NC_079476.1 18863861 18866121 color=mygreen
2 4215028 4215357 NC_079474.1 15809692 15810120 color=mygreen
2 4693425 4697299 NC_079482.1 24318320 24440005 color=mygreen
2 4875713 4881945 NC_079477.1 3884997 3894260 color=mygreen
2 4951956 4954622 NC_079483.1 18540949 18544936 color=mygreen
2 5045363 5050590 NC_079479.1 36651671 36697224 color=mygreen
2 5149447 5150937 NC_079479.1 36636589 36642943 color=mygreen
2 7020119 7021660 NC_079483.1 16423029 16424877 color=mygreen
2 7170753 7178693 NC_079479.1 34565568 34568026 color=mygreen
2 7179607 7183154 NC_079479.1 1924912 1928018 color=mygreen
2 7301162 7305619 NC_079476.1 25491657 25497908 color=mygreen
2 7508041 7511750 NC_079484.1 4310375 4321819 color=mygreen
2 7514748 7519198 NC_079484.1 4322182 4327587 color=mygreen
2 7574733 7579376 NC_079484.1 4265754 4289307 color=mygreen
2 7817630 7825705 NC_079474.1 4133748 4144814 color=mygreen
2 9027481 9034725 NC_079485.1 743807 750051 color=mygreen
2 9035800 9038217 NC_079478.1 35725193 35727895 color=mygreen
2 9399216 9401764 NC_079479.1 35342602 35347276 color=mygreen
2 9449856 9451287 NC_079480.1 33315633 33347216 color=mygreen
2 9664245 9681036 NC_079476.1 33235666 34021065 color=mygreen
2 11151160 11176227 NC_079477.1 7009768 7306583 color=mygreen
2 11598661 11602126 NC_079475.1 12658300 12665434 color=mygreen
2 11612646 11616073 NC_079475.1 18270441 18300521 color=mygreen
2 11766647 11772304 NC_079485.1 418118 421267 color=mygreen
2 12140073 12142962 NC_079480.1 17660225 17739756 color=mygreen
2 12262290 12265569 NC_079482.1 24599063 24606875 color=mygreen
2 12780747 12784051 NC_079484.1 94215 123205 color=mygreen
2 13483306 13484602 NC_079485.1 7276590 7280452 color=mygreen
2 13597939 13603720 NC_079474.1 16007330 16024639 color=mygreen
2 13606049 13608328 NC_079474.1 16007330 16024639 color=mygreen
2 13794854 13804169 NC_079483.1 19040922 19070555 color=mygreen
2 13822840 13830565 NC_079483.1 19040922 19070555 color=mygreen
2 13845276 13846451 NC_079483.1 5278258 5283853 color=mygreen
2 13863836 13867261 NC_079485.1 38773733 38780664 color=mygreen
2 13871831 13900863 NC_079485.1 38712853 38767155 color=mygreen
2 14358861 14370618 NC_079482.1 8544071 8627707 color=mygreen
2 14654163 14659886 NC_079476.1 31415390 31481313 color=mygreen
2 15100585 15103682 NC_079485.1 3384376 3406784 color=mygreen
2 15109127 15113120 NC_079485.1 3452941 3535748 color=mygreen
2 15109127 15113120 NC_079475.1 42233457 42237232 color=mygreen
2 15221611 15221874 NC_079485.1 3384376 3406784 color=mygreen
2 15221611 15221874 NC_079485.1 3452941 3535748 color=mygreen
2 15611118 15611696 NC_079478.1 2864766 3034453 color=mygreen
2 15829952 15833391 NC_079478.1 35147666 35160549 color=mygreen
2 15829952 15833391 NC_079478.1 35273766 35281236 color=mygreen
2 15898372 15905835 NC_079483.1 8241101 8242765 color=mygreen
2 15959696 15960677 NC_079479.1 12402783 12406228 color=mygreen
2 17587370 17605985 NC_079474.1 38150003 38186321 color=mygreen
2 18548922 18557297 NC_079484.1 7783590 8831701 color=mygreen
2 18565704 18576872 NC_079484.1 8831828 8919038 color=mygreen
2 18598832 18599374 NC_079483.1 15967057 15968626 color=mygreen
2 18699774 18701393 NC_079484.1 8977184 9160377 color=mygreen
2 19161475 19162233 NC_079478.1 35314750 35368673 color=mygreen
2 19393520 19394263 NC_079478.1 14620087 14807440 color=mygreen
2 19881423 19895897 NC_079482.1 2844839 3442063 color=mygreen
2 20855620 20856155 NC_079479.1 27195562 27233955 color=mygreen
2 21019343 21022460 NC_079479.1 7401242 7407542 color=mygreen
2 21425110 21430725 NC_079477.1 22267423 22280326 color=mygreen
2 21471151 21472856 NC_079476.1 35821788 35824950 color=mygreen
2 21471163 21472856 NC_079476.1 35821788 35824950 color=mygreen
2 28160470 28170539 NC_079483.1 19682000 19976930 color=mygreen
2 29031876 29040081 NC_079480.1 22676476 22694959 color=mygreen
2 29049071 29050986 NC_079480.1 22678350 22690668 color=mygreen
2 31497509 31498295 NC_079475.1 13738338 14290265 color=mygreen
2 33225568 33226314 NC_079482.1 14184254 14185235 color=mygreen
2 33531187 33531444 NC_079478.1 11413231 11590738 color=mygreen
2 34276632 34280570 NC_079475.1 19522734 19527083 color=mygreen
2 34844240 34847599 NC_079483.1 15197374 15203628 color=mygreen
2 34844240 34847668 NC_079483.1 15197374 15203628 color=mygreen
2 36254073 36257384 NC_079477.1 4778767 4781432 color=mygreen
2 36299011 36306855 NC_079477.1 6359649 6439976 color=mygreen
2 37747653 37758234 NC_079480.1 22429382 22439224 color=mygreen
2 37752840 37758234 NC_079480.1 22429382 22439224 color=mygreen
2 37783096 37787173 NC_079480.1 22429382 22439224 color=mygreen
2 38671021 38671290 NC_079477.1 1955290 2000768 color=mygreen
2 38695186 38708912 NC_079477.1 1955290 2000768 color=mygreen
2 38725680 38732208 NC_079477.1 2002023 2158141 color=mygreen
2 39364297 39368789 NC_079480.1 22720070 22723476 color=mygreen
2 39675537 39680279 NC_079479.1 26660592 26662372 color=mygreen
2 40749405 40752452 NC_079479.1 33396207 33399958 color=mygreen
2 40777416 40777853 NC_079475.1 18315813 18316469 color=mygreen
2 41276270 41278316 NC_079483.1 6443089 6444425 color=mygreen
2 41440827 41446934 NC_079474.1 11956050 11967561 color=mygreen
2 41636824 41639594 NC_079483.1 15985194 15987350 color=mygreen
2 41642657 41643214 NC_079485.1 16505029 16507534 color=mygreen
2 41705446 41709500 NC_079474.1 3763645 3773320 color=mygreen
2 41714642 41715928 NC_079474.1 11919201 11948907 color=mygreen
2 42085403 42089769 NC_079477.1 7853395 8160584 color=mygreen
2 42835317 42840878 NC_079475.1 37764379 37768527 color=mygreen
2 42859742 42863109 NC_079483.1 3618587 3631538 color=mygreen
2 42972527 42986489 NC_079477.1 8163303 8175192 color=mygreen
2 43030863 43049408 NC_079479.1 36112612 36136111 color=mygreen
2 43061362 43066895 NC_079479.1 36109405 36112093 color=mygreen
2 43107102 43108181 NC_079479.1 36098579 36102826 color=mygreen
2 43278491 43281921 NC_079479.1 36000669 36039086 color=mygreen
2 44374959 44375882 NC_079474.1 19135223 19136096 color=mygreen
2 44438735 44443091 NC_079474.1 38483140 38493051 color=mygreen
3 1059295 1060129 NC_079477.1 6850151 6851678 color=mygreen
3 1068126 1072404 NC_079476.1 22574187 22578094 color=mygreen
3 1218455 1237320 NC_079483.1 17028028 17132617 color=mygreen
3 1251215 1254619 NC_079483.1 17028028 17132617 color=mygreen
3 1641916 1643987 NC_079475.1 1823113 1835811 color=mygreen
3 1650448 1652750 NC_079479.1 31021227 31023953 color=mygreen
3 1943863 1945533 NC_079474.1 919411 922390 color=mygreen
3 1959597 1962974 NC_079482.1 2467318 2472131 color=mygreen
3 2020488 2021092 NC_079477.1 18814716 18815375 color=mygreen
3 2032592 2036214 NC_079477.1 18066092 18134851 color=mygreen
3 2112685 2113763 NC_079481.1 29094943 29100023 color=mygreen
3 2112685 2115277 NC_079481.1 29094943 29100023 color=mygreen
3 2566027 2568262 NC_079478.1 28420864 28594177 color=mygreen
3 2595328 2599784 NC_079478.1 28420864 28594177 color=mygreen
3 2718202 2721687 NC_079484.1 720110 723077 color=mygreen
3 2723179 2729296 NC_079483.1 9485351 9495137 color=mygreen
3 2845746 2846051 NC_079474.1 769161 770045 color=mygreen
3 2847190 2849241 NC_079480.1 1753346 1789246 color=mygreen
3 3503666 3504400 NC_079481.1 1365850 1366736 color=mygreen
3 3526320 3535841 NC_079481.1 1333347 1351112 color=mygreen
3 3833131 3834082 NC_079482.1 23548708 24061685 color=mygreen
3 4335857 4360458 NC_079482.1 24133915 24161609 color=mygreen
3 4419854 4423993 NC_079479.1 29035392 29043557 color=mygreen
3 4424715 4427870 NC_079476.1 25753199 25755674 color=mygreen
3 4579456 4600746 NC_079474.1 1318607 1520413 color=mygreen
3 5743880 5746315 NC_079482.1 24778845 25028764 color=mygreen
3 5842654 5842926 NC_079474.1 27467781 27631823 color=mygreen
3 5930839 5933058 NC_079476.1 19086998 19088818 color=mygreen
3 6257855 6259127 NC_079482.1 8728160 8730575 color=mygreen
3 6974344 6977047 NC_079475.1 28274666 28374191 color=mygreen
3 7307508 7312015 NC_079475.1 25586746 25593055 color=mygreen
3 7391289 7398575 NC_079478.1 38194070 38201001 color=mygreen
3 7431666 7434418 NC_079478.1 37977352 38034809 color=mygreen
3 7679714 7681561 NC_079477.1 19272495 19471426 color=mygreen
3 8489385 8495275 NC_079475.1 40326969 40330314 color=mygreen
3 8498708 8499699 NC_079475.1 40323528 40324362 color=mygreen
3 8558160 8567840 NC_079474.1 23012172 23015252 color=mygreen
3 8855920 8857395 NC_079480.1 24602387 24603113 color=mygreen
3 9623210 9623479 NC_079478.1 38040694 38065874 color=mygreen
3 9787883 9788488 NC_079475.1 19342801 19343618 color=mygreen
3 10379614 10403977 NC_079480.1 32203605 32321133 color=mygreen
3 10520315 10529350 NC_079485.1 39786938 39794081 color=mygreen
3 10530711 10533046 NC_079479.1 367577 369128 color=mygreen
3 10726066 10727720 NC_079484.1 1077264 1083056 color=mygreen
3 11081376 11083703 NC_079475.1 19522734 19527083 color=mygreen
3 11633150 11634488 NC_079481.1 30958524 30963706 color=mygreen
3 12268553 12268948 NC_079474.1 19039168 19041141 color=mygreen
3 12725839 12729747 NC_079481.1 27951769 28046453 color=mygreen
3 12788912 12807431 NC_079481.1 27833542 27922238 color=mygreen
3 13817659 13824553 NC_079481.1 62891 66946 color=mygreen
3 15477695 15482784 NC_079478.1 10185260 10192371 color=mygreen
3 15605477 15608540 NC_079482.1 3871694 4208788 color=mygreen
3 16939075 16943550 NC_079476.1 23414750 23417775 color=mygreen
3 17640591 17646309 NC_079474.1 7319162 7382515 color=mygreen
3 17769685 17771300 NC_079474.1 7319162 7382515 color=mygreen
3 18133927 18153354 NC_079481.1 21433790 21486389 color=mygreen
3 18306286 18306771 NC_079478.1 6552676 6554772 color=mygreen
3 18538961 18546248 NC_079485.1 40596903 40602501 color=mygreen
3 23417341 23421932 NC_079479.1 31038248 31176094 color=mygreen
3 24660398 24661884 NC_079480.1 4356499 4358108 color=mygreen
3 24668771 24669501 NC_079480.1 4358879 4361529 color=mygreen
3 25063804 25066882 NC_079480.1 3359389 3716332 color=mygreen
3 25092932 25095966 NC_079480.1 3359389 3716332 color=mygreen
3 26073030 26074809 NC_079475.1 22885377 23132024 color=mygreen
3 26089692 26094199 NC_079475.1 22885377 23132024 color=mygreen
3 26107017 26110722 NC_079475.1 22885377 23132024 color=mygreen
3 26345605 26347798 NC_079483.1 5283836 5285164 color=mygreen
3 27760890 27768017 NC_079482.1 2525624 2529070 color=mygreen
3 28331301 28350214 NC_079477.1 5972609 6167426 color=mygreen
3 28390447 28408143 NC_079477.1 5972609 6167426 color=mygreen
3 28409190 28417008 NC_079477.1 5972609 6167426 color=mygreen
3 28657491 28660432 NC_079477.1 5060892 5066852 color=mygreen
3 30798746 30802216 NC_079481.1 28173518 28289780 color=mygreen
3 30972056 30980292 NC_079478.1 16344272 16504150 color=mygreen
3 30992767 30994631 NC_079478.1 16344272 16504150 color=mygreen
3 31005056 31005901 NC_079478.1 16344246 16570337 color=mygreen
3 31212019 31216933 NC_079481.1 30435188 30437365 color=mygreen
3 31400833 31401891 NC_079483.1 4360597 4365897 color=mygreen
3 31888948 31889759 NC_079478.1 38201837 38202665 color=mygreen
3 31936224 31937956 NC_079483.1 17254722 17255093 color=mygreen
3 32189240 32195980 NC_079483.1 9982605 10103942 color=mygreen
3 32459937 32464269 NC_079480.1 18201998 18328117 color=mygreen
3 34886056 34889040 NC_079475.1 22712377 22713779 color=mygreen
3 35294904 35299921 NC_079484.1 1104616 1105176 color=mygreen
3 35982991 35983467 NC_079477.1 11384170 11890529 color=mygreen
3 36384413 36399729 NC_079476.1 30258397 30279157 color=mygreen
3 36746008 36746376 NC_079476.1 5979059 6072595 color=mygreen
3 36823361 36826563 NC_079485.1 296521 343047 color=mygreen
3 37405788 37407682 NC_079477.1 6748085 6749289 color=mygreen
3 37490633 37492402 NC_079482.1 4394161 4395376 color=mygreen
3 37520768 37521563 NC_079481.1 5041344 5042437 color=mygreen
3 37712412 37717104 NC_079482.1 4396668 4401751 color=mygreen
3 38473638 38476326 NC_079476.1 5613315 5681886 color=mygreen
3 38731970 38732332 NC_079478.1 24102814 24103442 color=mygreen
3 39664939 39665938 NC_079475.1 36259595 36340589 color=mygreen
3 39764314 39775809 NC_079475.1 25899181 25908013 color=mygreen
3 39909811 39910678 NC_079478.1 37231256 37232071 color=mygreen
3 39911131 39914679 NC_079483.1 4155305 4173394 color=mygreen
3 40034178 40036399 NC_079483.1 10927097 11139566 color=mygreen
3 40113350 40115653 NC_079476.1 21961024 21962631 color=mygreen
3 40406989 40415879 NC_079474.1 10824679 10846629 color=mygreen
3 41204230 41205210 NC_079477.1 5507104 5508409 color=mygreen
3 41328735 41333333 NC_079479.1 35743658 35753754 color=mygreen
4 226347 238544 NC_079476.1 36251230 36265527 color=mygreen
4 835539 844935 NC_079479.1 30702568 30710681 color=mygreen
4 835539 844935 NC_079485.1 29714021 29716548 color=mygreen
4 1347044 1349253 NC_079476.1 3307488 3312545 color=mygreen
4 1521349 1522392 NC_079484.1 1535810 1536149 color=mygreen
4 1620685 1623900 NC_079485.1 14569533 14576032 color=mygreen
4 1832180 1833077 NC_079475.1 39286629 39287432 color=mygreen
4 1938532 1941394 NC_079476.1 41436779 41437983 color=mygreen
4 1952347 1952733 NC_079481.1 7120648 7121360 color=mygreen
4 1952347 1952733 NC_079481.1 29835943 29838097 color=mygreen
4 1952347 1952733 NC_079485.1 14547183 14548378 color=mygreen
4 1952347 1952733 NC_079485.1 14547183 14548378 color=mygreen
4 1952347 1952733 NC_079485.1 14547183 14548378 color=mygreen
4 1952347 1952733 NC_079483.1 11958098 11963670 color=mygreen
4 1952347 1952733 NC_079483.1 11958098 11963670 color=mygreen
4 1952347 1952733 NC_079483.1 11958098 11963670 color=mygreen
4 1952347 1952733 NC_079483.1 11958098 11963670 color=mygreen
4 1952347 1952733 NC_079483.1 11958098 11963670 color=mygreen
4 1952347 1952733 NC_079483.1 11958098 11963670 color=mygreen
4 1952347 1952733 NC_079483.1 11958098 11963670 color=mygreen
4 1952347 1952733 NC_079483.1 11958098 11963670 color=mygreen
4 1952347 1952733 NC_079483.1 11958098 11963670 color=mygreen
4 1952347 1952733 NC_079483.1 11958098 11963670 color=mygreen
4 1952347 1952733 NC_079483.1 11958098 11963670 color=mygreen
4 1952347 1952733 NC_079483.1 11958098 11963670 color=mygreen
4 2314928 2315212 NC_079484.1 497552 562116 color=mygreen
4 2331449 2343848 NC_079484.1 336020 492836 color=mygreen
4 3035144 3040471 NC_079484.1 7297109 7305421 color=mygreen
4 5834584 5837934 NC_079485.1 1282850 1289236 color=mygreen
4 5838248 5844814 NC_079485.1 1282850 1289236 color=mygreen
4 7977727 7993432 NC_079476.1 40735720 40846635 color=mygreen
4 8455461 8469962 NC_079476.1 41065591 41099074 color=mygreen
4 8479402 8492877 NC_079476.1 41065591 41099074 color=mygreen
4 8884123 8886553 NC_079481.1 7015072 7019293 color=mygreen
4 8941596 8945144 NC_079476.1 40583431 40585504 color=mygreen
4 8946327 8947667 NC_079474.1 15540080 15544800 color=mygreen
4 9825391 9828973 NC_079485.1 13889768 14042259 color=mygreen
4 10823482 10826313 NC_079485.1 1278515 1282597 color=mygreen
4 11197280 11200913 NC_079485.1 1095331 1106859 color=mygreen
4 12158020 12163779 NC_079476.1 32011064 32018898 color=mygreen
4 12165591 12169367 NC_079475.1 39288251 39302053 color=mygreen
4 12317342 12319016 NC_079484.1 12002746 12007435 color=mygreen
4 13087373 13088028 NC_079476.1 39100652 39101794 color=mygreen
4 13088523 13090570 NC_079476.1 39099099 39099860 color=mygreen
4 13123505 13140367 NC_079475.1 10858377 10884564 color=mygreen
4 13755325 13756773 NC_079476.1 37822078 37824575 color=mygreen
4 13918044 13924115 NC_079481.1 31320649 31347087 color=mygreen
4 14023648 14024562 NC_079481.1 31230089 31289837 color=mygreen
4 14072905 14075261 NC_079484.1 12509756 12533981 color=mygreen
4 15088509 15088754 NC_079485.1 38914115 38914638 color=mygreen
4 15213516 15217574 NC_079477.1 5380551 5388855 color=mygreen
4 15360864 15368437 NC_079480.1 29284108 29301223 color=mygreen
4 15455628 15470315 NC_079475.1 24129019 24646905 color=mygreen
4 21597924 21604286 NC_079485.1 13232555 13233673 color=mygreen
4 22025166 22027515 NC_079483.1 6108817 6123395 color=mygreen
4 22375123 22387944 NC_079480.1 15640571 15653292 color=mygreen
4 22440774 22449495 NC_079476.1 29490859 29679330 color=mygreen
4 22455215 22462192 NC_079476.1 29490859 29679330 color=mygreen
4 23488067 23488309 NC_079483.1 11964288 11979781 color=mygreen
4 23589260 23594560 NC_079476.1 21895199 21925165 color=mygreen
4 23713731 23723678 NC_079481.1 19949691 19970641 color=mygreen
4 23760876 23769450 NC_079481.1 23674954 23714028 color=mygreen
4 24336714 24347042 NC_079484.1 2978613 3135270 color=mygreen
4 24358592 24370753 NC_079484.1 2978613 3135270 color=mygreen
4 24812611 24814654 NC_079477.1 35810471 35845717 color=mygreen
4 26662076 26669162 NC_079479.1 31362200 31433743 color=mygreen
4 28017476 28021842 NC_079474.1 16920364 16929861 color=mygreen
4 29114086 29126669 NC_079483.1 20118381 20174992 color=mygreen
4 29641302 29644441 NC_079478.1 36459729 36466925 color=mygreen
4 30420507 30429357 NC_079474.1 23230608 24120291 color=mygreen
4 31322548 31322958 NC_079474.1 889178 890076 color=mygreen
4 31846192 31865551 NC_079476.1 27439388 27459596 color=mygreen
4 33969365 33974334 NC_079480.1 14537940 14542944 color=mygreen
4 34027280 34028124 NC_079476.1 29761628 29763667 color=mygreen
4 34296960 34297966 NC_079476.1 30949551 31315929 color=mygreen
4 35280691 35287014 NC_079477.1 1319656 1425908 color=mygreen
4 35469241 35470108 NC_079483.1 8044601 8045473 color=mygreen
4 35679010 35682213 NC_079477.1 34913513 34919387 color=mygreen
4 35864318 35867089 NC_079477.1 34643239 34852953 color=mygreen
4 35869212 35873373 NC_079479.1 30621059 30624230 color=mygreen
4 35998910 36003974 NC_079478.1 15997622 16006577 color=mygreen
4 36204693 36206309 NC_079484.1 6600156 6605678 color=mygreen
4 36535810 36538827 NC_079478.1 36979799 36995990 color=mygreen
4 36543815 36546682 NC_079483.1 8040462 8044263 color=mygreen
4 36548308 36552173 NC_079483.1 8000529 8007505 color=mygreen
4 36561420 36565210 NC_079478.1 20236598 20238222 color=mygreen
4 36786240 36788322 NC_079482.1 12397665 12400285 color=mygreen
4 36786240 36788322 NC_079476.1 22800138 22805077 color=mygreen
4 36786240 36788322 NC_079479.1 27127067 27128718 color=mygreen
4 36994892 37001727 NC_079475.1 32674512 32690774 color=mygreen
4 37301292 37315865 NC_079476.1 28922982 29460539 color=mygreen
4 37780052 37782793 NC_079474.1 33439443 33442253 color=mygreen
4 38220215 38223183 NC_079478.1 38203071 38204984 color=mygreen
4 38229328 38230745 NC_079476.1 32842575 32846096 color=mygreen
4 38306827 38308011 NC_079479.1 5377753 5380315 color=mygreen
4 38376329 38378116 NC_079479.1 6623244 6627363 color=mygreen
4 38801252 38801935 NC_079479.1 29648314 29649372 color=mygreen
4 39247831 39293384 NC_079476.1 23855982 23994032 color=mygreen
4 39300180 39310417 NC_079476.1 23855982 23994032 color=mygreen
4 39373831 39378416 NC_079481.1 20752785 20776805 color=mygreen
4 39446664 39459387 NC_079476.1 5537145 5549365 color=mygreen
4 40132665 40135740 NC_079479.1 23534279 23576905 color=mygreen
4 40156722 40158673 NC_079479.1 23746644 23753262 color=mygreen
4 40222302 40231326 NC_079479.1 2686430 2745804 color=mygreen
4 40893226 40893924 NC_079476.1 37181804 37271830 color=mygreen
4 41023155 41027525 NC_079481.1 8807321 8810586 color=mygreen
4 41028208 41032468 NC_079479.1 9667637 9688725 color=mygreen
5 528124 529829 NC_079477.1 25958638 25961401 color=mygreen
5 547587 553359 NC_079477.1 25977257 25980130 color=mygreen
5 1152922 1156164 NC_079480.1 11111603 11267990 color=mygreen
5 1270448 1274970 NC_079484.1 3525143 3529298 color=mygreen
5 1378931 1380872 NC_079483.1 11366191 11369913 color=mygreen
5 2803376 2813190 NC_079477.1 30092699 30703358 color=mygreen
5 3217000 3224243 NC_079478.1 632176 641478 color=mygreen
5 4032454 4034547 NC_079478.1 20251340 20257162 color=mygreen
5 4126189 4126967 NC_079475.1 201912 202360 color=mygreen
5 4126189 4126967 NC_079475.1 188146 188594 color=mygreen
5 4126189 4126967 NC_079475.1 182384 182832 color=mygreen
5 4126189 4126967 NC_079475.1 176587 177085 color=mygreen
5 4556857 4560991 NC_079474.1 10201108 10207245 color=mygreen
5 4869766 4870656 NC_079475.1 19618011 19621891 color=mygreen
5 6498006 6498512 NC_079475.1 7975906 7980551 color=mygreen
5 6566080 6567573 NC_079477.1 26844465 26849189 color=mygreen
5 6664533 6665039 NC_079477.1 26404563 26405666 color=mygreen
5 6680810 6684593 NC_079477.1 26981373 26996422 color=mygreen
5 7907441 7912050 NC_079483.1 16458161 16464042 color=mygreen
5 8313195 8314177 NC_079481.1 6587697 6690516 color=mygreen
5 9668340 9674592 NC_079475.1 33597696 34286013 color=mygreen
5 10083480 10086755 NC_079483.1 6488565 6491826 color=mygreen
5 10708537 10710971 NC_079484.1 4562300 4563920 color=mygreen
5 11367085 11369044 NC_079476.1 29737475 29741925 color=mygreen
5 12485697 12485927 NC_079476.1 7174008 7196651 color=mygreen
5 12878604 12887857 NC_079474.1 15905184 15971658 color=mygreen
5 13693140 13698551 NC_079481.1 29278692 29343748 color=mygreen
5 15022554 15034074 NC_079474.1 16317327 16333331 color=mygreen
5 15093603 15095199 NC_079474.1 12856932 12857757 color=mygreen
5 15433463 15453540 NC_079478.1 29127706 29256338 color=mygreen
5 15674138 15676320 NC_079477.1 18829489 18835747 color=mygreen
5 15679254 15684957 NC_079480.1 4365070 4366556 color=mygreen
5 16081532 16081840 NC_079478.1 32924586 32941847 color=mygreen
5 16498093 16509751 NC_079485.1 36676349 36690855 color=mygreen
5 16549640 16552299 NC_079481.1 868246 881920 color=mygreen
5 16991909 16995710 NC_079475.1 14688274 14738184 color=mygreen
5 17169674 17170624 NC_079475.1 34704374 34705397 color=mygreen
5 17186720 17195683 NC_079474.1 33449281 33455317 color=mygreen
5 17712171 17712509 NC_079479.1 30436769 30527636 color=mygreen
5 17717437 17733070 NC_079479.1 30436769 30527636 color=mygreen
5 17754362 17756235 NC_079476.1 25436869 25438161 color=mygreen
5 17890825 17910490 NC_079475.1 7081060 7092892 color=mygreen
5 21988420 21991326 NC_079474.1 13938267 13943787 color=mygreen
5 22796295 22820630 NC_079474.1 33477588 33653538 color=mygreen
5 23492362 23497222 NC_079481.1 8824197 8828219 color=mygreen
5 23768383 23775471 NC_079482.1 19900567 19902132 color=mygreen
5 24072282 24075096 NC_079477.1 26819734 26832266 color=mygreen
5 24807709 24812829 NC_079474.1 13003698 13011799 color=mygreen
5 25255651 25261251 NC_079474.1 13001310 13002311 color=mygreen
5 26590621 26590878 NC_079481.1 32412750 32462458 color=mygreen
5 26642097 26645581 NC_079481.1 32412750 32462458 color=mygreen
5 26916720 26920119 NC_079474.1 330889 337851 color=mygreen
5 27186895 27212034 NC_079480.1 31539381 31570956 color=mygreen
5 28094339 28095568 NC_079476.1 38081198 38093512 color=mygreen
5 28879713 28883650 NC_079476.1 37460590 37463755 color=mygreen
5 28906915 28915879 NC_079476.1 37440409 37447271 color=mygreen
5 28947448 28949163 NC_079476.1 38063731 38066663 color=mygreen
5 30047002 30048696 NC_079481.1 19293249 19506799 color=mygreen
5 30670115 30677815 NC_079484.1 4939982 5263866 color=mygreen
5 31036891 31039546 NC_079483.1 17415264 17418282 color=mygreen
5 31036891 31039892 NC_079483.1 17415264 17418282 color=mygreen
5 31111252 31111982 NC_079474.1 16481145 16484133 color=mygreen
5 31206395 31207195 NC_079479.1 1697224 1768754 color=mygreen
5 31421306 31425476 NC_079478.1 38346579 38384991 color=mygreen
5 31432778 31433382 NC_079478.1 36312525 36314600 color=mygreen
5 31651550 31655612 NC_079474.1 17382026 17385779 color=mygreen
5 31847708 31848191 NC_079477.1 2167665 2168333 color=mygreen
5 32046001 32047545 NC_079480.1 11699176 11703508 color=mygreen
5 32240926 32242408 NC_079479.1 1694969 1696711 color=mygreen
5 32243233 32244305 NC_079483.1 6343103 6344072 color=mygreen
5 32341662 32343691 NC_079481.1 8781392 8782176 color=mygreen
5 32702725 32713614 NC_079478.1 35986008 36184500 color=mygreen
5 32730843 32731212 NC_079478.1 35986008 36184500 color=mygreen
5 33628022 33632251 NC_079474.1 34148739 34326542 color=mygreen
5 33746331 33749917 NC_079474.1 34148739 34326542 color=mygreen
5 33882672 33887119 NC_079474.1 34148739 34326542 color=mygreen
5 34775594 34783576 NC_079483.1 4445542 4448309 color=mygreen
5 34922328 34925039 NC_079479.1 7424431 7763310 color=mygreen
5 35474134 35476983 NC_079479.1 8278795 8287352 color=mygreen
5 35751978 35752381 NC_079478.1 38108555 38109182 color=mygreen
5 35912647 35913129 NC_079482.1 736047 737430 color=mygreen
5 36166120 36169488 NC_079482.1 563046 569922 color=mygreen
5 36954761 36956140 NC_079474.1 25154963 26690187 color=mygreen
5 37042065 37047223 NC_079474.1 25154963 26690187 color=mygreen
5 38188290 38197176 NC_079477.1 25491034 25499095 color=mygreen
5 38888278 38890218 NC_079475.1 11334474 11337862 color=mygreen
6 476228 483162 NC_079474.1 43815016 43873570 color=mygreen
6 594326 599602 NC_079474.1 36374510 36377137 color=mygreen
6 1561916 1562685 NC_079474.1 37447234 37548742 color=mygreen
6 1679712 1679933 NC_079474.1 37716412 37789166 color=mygreen
6 2527886 2535493 NC_079476.1 41945214 41996788 color=mygreen
6 2618574 2619943 NC_079476.1 42019525 42068758 color=mygreen
6 3752732 3755772 NC_079479.1 792320 814163 color=mygreen
6 5457370 5460203 NC_079474.1 44861189 44865929 color=mygreen
6 6697175 6701726 NC_079479.1 22777533 22846469 color=mygreen
6 6722737 6727850 NC_079483.1 3636224 3640088 color=mygreen
6 6840075 6843838 NC_079480.1 6584327 6594130 color=mygreen
6 8329007 8331301 NC_079476.1 31953091 31967531 color=mygreen
6 8383916 8405590 NC_079480.1 724178 730789 color=mygreen
6 9014451 9017327 NC_079482.1 25417049 25422222 color=mygreen
6 9039889 9044571 NC_079475.1 5138904 5144693 color=mygreen
6 9854774 9867727 NC_079479.1 2143363 2228831 color=mygreen
6 10049725 10050364 NC_079474.1 28177106 28179405 color=mygreen
6 10333290 10334609 NC_079484.1 842941 844833 color=mygreen
6 10378057 10379831 NC_079475.1 20770630 20811487 color=mygreen
6 10394220 10397569 NC_079475.1 20770630 20811487 color=mygreen
6 10500141 10501838 NC_079482.1 25566552 25567750 color=mygreen
6 10905166 10912200 NC_079478.1 20740035 20741132 color=mygreen
6 12675155 12678725 NC_079475.1 26352792 26355896 color=mygreen
6 12707161 12741630 NC_079482.1 12238432 12239529 color=mygreen
6 12707161 12741630 NC_079482.1 11661584 11662906 color=mygreen
6 12707161 12741630 NC_079477.1 34557848 34558579 color=mygreen
6 12922970 12924961 NC_079481.1 13578152 13589044 color=mygreen
6 13037034 13045432 NC_079476.1 19206257 19213215 color=mygreen
6 18220973 18226371 NC_079480.1 1505976 1506866 color=mygreen
6 18286808 18293757 NC_079478.1 36208527 36210347 color=mygreen
6 19832839 19837656 NC_079474.1 40468797 41491184 color=mygreen
6 20606673 20613846 NC_079480.1 14821355 14949868 color=mygreen
6 20625081 20626310 NC_079480.1 14821355 14949868 color=mygreen
6 20760008 20760875 NC_079480.1 9622636 9625966 color=mygreen
6 20889606 20889839 NC_079475.1 202932 203374 color=mygreen
6 20889606 20889839 NC_079475.1 189173 189625 color=mygreen
6 20889606 20889839 NC_079475.1 183409 183858 color=mygreen
6 20889606 20889839 NC_079475.1 177647 178096 color=mygreen
6 20889606 20889839 NC_079475.1 153931 154371 color=mygreen
6 21772144 21780888 NC_079483.1 2597390 2616596 color=mygreen
6 23388797 23401851 NC_079477.1 35612521 35643137 color=mygreen
6 23825709 23840388 NC_079477.1 28964431 28978457 color=mygreen
6 24851587 24857314 NC_079475.1 12639133 12644577 color=mygreen
6 25761187 25809052 NC_079477.1 16233559 16273573 color=mygreen
6 26051592 26053409 NC_079479.1 1252206 1378942 color=mygreen
6 26694765 26696972 NC_079479.1 1624666 1631688 color=mygreen
6 27824666 27828152 NC_079477.1 21815499 21866126 color=mygreen
6 27945882 27948018 NC_079478.1 7597036 7602262 color=mygreen
6 28289066 28291180 NC_079475.1 35172084 35345665 color=mygreen
6 29072881 29077539 NC_079479.1 35869035 35873670 color=mygreen
6 29350510 29365954 NC_079474.1 31702969 31713033 color=mygreen
6 30012219 30019423 NC_079474.1 42957948 43166516 color=mygreen
6 30204164 30211275 NC_079474.1 43181010 43216464 color=mygreen
6 30278594 30290749 NC_079479.1 83084 106971 color=mygreen
6 30331799 30336789 NC_079479.1 83084 106971 color=mygreen
6 30338673 30340160 NC_079479.1 79373 82832 color=mygreen
6 31358102 31363034 NC_079480.1 3180818 3187738 color=mygreen
6 31405011 31423389 NC_079481.1 6161892 6164109 color=mygreen
6 31817951 31823859 NC_079479.1 25901291 25909456 color=mygreen
6 32351481 32382052 NC_079477.1 21911793 21912431 color=mygreen
6 33387474 33394252 NC_079477.1 22013641 22025724 color=mygreen
6 33739047 33744352 NC_079477.1 22869608 23022802 color=mygreen
6 33974506 33982440 NC_079478.1 7306335 7342551 color=mygreen
6 33993089 33994859 NC_079478.1 7366535 7370827 color=mygreen
6 34242407 34242712 NC_079477.1 24126735 24128145 color=mygreen
6 35156138 35156556 NC_079479.1 2373041 2374189 color=mygreen
6 35279978 35284201 NC_079479.1 2283603 2319745 color=mygreen
6 36019149 36019649 NC_079482.1 7553936 7559357 color=mygreen
6 36035112 36037247 NC_079482.1 17960796 17962793 color=mygreen
6 36240225 36246237 NC_079474.1 44788402 44810703 color=mygreen
6 36252647 36254660 NC_079474.1 44818556 44827007 color=mygreen
6 36519981 36520871 NC_079479.1 556097 617701 color=mygreen
6 36783687 36804383 NC_079479.1 2328689 2345191 color=mygreen
6 37745245 37749857 NC_079478.1 19166963 19179691 color=mygreen
6 37772823 37775985 NC_079478.1 19186059 19192459 color=mygreen
6 38107164 38107496 NC_079478.1 18421161 18421775 color=mygreen
6 38107164 38107496 NC_079478.1 18421985 18422539 color=mygreen
6 38707813 38712387 NC_079479.1 26232551 26307811 color=mygreen
7 1955962 1957879 NC_079484.1 9757450 9761152 color=mygreen
7 2280660 2282458 NC_079474.1 20343979 20356762 color=mygreen
7 2791885 2802417 NC_079476.1 12239729 12986961 color=mygreen
7 2824551 2825648 NC_079476.1 12896888 12900322 color=mygreen
7 2831492 2832589 NC_079476.1 12884736 12886847 color=mygreen
7 3562282 3563786 NC_079474.1 10863693 10867948 color=mygreen
7 4781292 4782233 NC_079477.1 13574927 13670981 color=mygreen
7 5040841 5041548 NC_079477.1 14138288 14519841 color=mygreen
7 5736886 5738093 NC_079477.1 13574927 13670981 color=mygreen
7 5736886 5738093 NC_079477.1 13125055 13220872 color=mygreen
7 5736886 5738093 NC_079477.1 13259790 13268471 color=mygreen
7 6042445 6043089 NC_079477.1 13125055 13220872 color=mygreen
7 6042445 6043089 NC_079477.1 13574927 13670981 color=mygreen
7 6619177 6621590 NC_079475.1 5569993 5571479 color=mygreen
7 8709121 8709620 NC_079482.1 8692789 8727925 color=mygreen
7 8890066 8890398 NC_079478.1 16319986 16322514 color=mygreen
7 9702566 9704714 NC_079477.1 8430393 8662909 color=mygreen
7 10809668 10818740 NC_079483.1 4737137 4976511 color=mygreen
7 11361002 11362664 NC_079481.1 28939180 28940086 color=mygreen
7 11993107 11994202 NC_079477.1 22547449 22565455 color=mygreen
7 12220777 12223273 NC_079476.1 4074035 4077559 color=mygreen
7 16920270 16922397 NC_079479.1 30175802 30180324 color=mygreen
7 16920270 16935930 NC_079479.1 30175802 30180324 color=mygreen
7 17916842 17931684 NC_079475.1 40111764 40217039 color=mygreen
7 18421944 18424515 NC_079482.1 25425542 25426072 color=mygreen
7 18646194 18647186 NC_079479.1 12822699 12826726 color=mygreen
7 18697750 18702069 NC_079477.1 16367722 16373175 color=mygreen
7 18797571 18808638 NC_079482.1 2011935 2018404 color=mygreen
7 19769654 19771581 NC_079482.1 7337076 7342934 color=mygreen
7 20232041 20244786 NC_079485.1 16526140 16609848 color=mygreen
7 20397114 20397380 NC_079483.1 9848562 9853293 color=mygreen
7 21980761 21983872 NC_079482.1 2202770 2218701 color=mygreen
7 22056653 22069888 NC_079478.1 8103786 8121968 color=mygreen
7 23537670 23543880 NC_079475.1 9411653 9716563 color=mygreen
7 24676747 24679530 NC_079476.1 11524355 11685252 color=mygreen
7 24726403 24732823 NC_079482.1 2374211 2378745 color=mygreen
7 25960463 25964544 NC_079476.1 21139421 21537812 color=mygreen
7 26301841 26305411 NC_079482.1 2009856 2011570 color=mygreen
7 26775360 26779369 NC_079475.1 37483766 37487514 color=mygreen
7 26905519 26908376 NC_079477.1 35271981 35274268 color=mygreen
7 27509542 27511974 NC_079474.1 23012172 23015252 color=mygreen
7 28552038 28553096 NC_079476.1 39708346 39710025 color=mygreen
7 28621914 28624832 NC_079476.1 41861739 41869005 color=mygreen
7 28685069 28685497 NC_079477.1 5107618 5108449 color=mygreen
7 28725342 28727074 NC_079476.1 39268500 39271083 color=mygreen
7 28877981 28881925 NC_079480.1 2587255 2725541 color=mygreen
7 28884979 28885984 NC_079480.1 2587255 2725541 color=mygreen
7 28911907 28916073 NC_079480.1 2587255 2725541 color=mygreen
7 28962857 28972518 NC_079480.1 2587255 2725541 color=mygreen
7 29177989 29179429 NC_079480.1 10792351 10808896 color=mygreen
7 29191520 29202967 NC_079480.1 10826027 11007256 color=mygreen
7 29372010 29391094 NC_079479.1 11982527 12139746 color=mygreen
7 29917464 29924576 NC_079477.1 35930881 35932897 color=mygreen
7 30241061 30243347 NC_079478.1 4636202 4639690 color=mygreen
7 30670534 30672761 NC_079475.1 22196117 22247507 color=mygreen
7 30926533 30939969 NC_079479.1 4439867 4457696 color=mygreen
7 31098275 31103375 NC_079481.1 10736414 10755527 color=mygreen
7 31540758 31548104 NC_079477.1 37145944 37219003 color=mygreen
7 32037469 32042202 NC_079478.1 697941 701820 color=mygreen
7 32093051 32095646 NC_079478.1 686555 688711 color=mygreen
7 32593524 32600283 NC_079480.1 14086936 14103072 color=mygreen
7 32593524 32601897 NC_079480.1 14086936 14103072 color=mygreen
7 32837198 32840889 NC_079483.1 17986294 17988956 color=mygreen
7 33007722 33008769 NC_079474.1 1640728 1655864 color=mygreen
7 33035517 33035716 NC_079481.1 11753410 11767135 color=mygreen
7 33432643 33437457 NC_079477.1 9783340 9789263 color=mygreen
7 34505021 34506584 NC_079482.1 6072591 6082597 color=mygreen
7 35058028 35064251 NC_079476.1 22582161 22607356 color=mygreen
7 35722289 35723601 NC_079478.1 14589063 14591524 color=mygreen
7 35859859 35861519 NC_079478.1 16687020 16695867 color=mygreen
7 36254427 36256478 NC_079474.1 42590792 42592458 color=mygreen
7 36254446 36256478 NC_079474.1 42590792 42592458 color=mygreen
8 225662 230766 NC_079474.1 32872539 32894779 color=mygreen
8 277281 277739 NC_079482.1 25626313 25627461 color=mygreen
8 1486001 1499206 NC_079479.1 20912136 20966705 color=mygreen
8 1668035 1671621 NC_079481.1 10064696 10103622 color=mygreen
8 1878029 1878953 NC_079479.1 20764188 20764920 color=mygreen
8 2126037 2128539 NC_079476.1 22800138 22805077 color=mygreen
8 2126037 2128539 NC_079479.1 27127067 27128718 color=mygreen
8 2126037 2128539 NC_079482.1 12397665 12400285 color=mygreen
8 2286532 2296194 NC_079476.1 21789497 21817582 color=mygreen
8 3310707 3312456 NC_079479.1 9351626 9354186 color=mygreen
8 3313739 3314249 NC_079477.1 38002153 38004671 color=mygreen
8 3320730 3324059 NC_079475.1 40421089 40436304 color=mygreen
8 3320730 3333968 NC_079475.1 40421089 40436304 color=mygreen
8 3324426 3333968 NC_079475.1 40421089 40436304 color=mygreen
8 3772742 3775806 NC_079474.1 9799510 9964473 color=mygreen
8 3811110 3812440 NC_079474.1 9799510 9964473 color=mygreen
8 4045747 4046290 NC_079474.1 29059290 29060238 color=mygreen
8 4569147 4569821 NC_079476.1 21999709 22001410 color=mygreen
8 4591412 4594264 NC_079476.1 22014101 22017266 color=mygreen
8 4889624 4891852 NC_079476.1 22004454 22010612 color=mygreen
8 4889639 4891852 NC_079476.1 22004454 22010612 color=mygreen
8 4998562 5004292 NC_079476.1 30597150 30615806 color=mygreen
8 5606821 5613211 NC_079474.1 1616926 1643148 color=mygreen
8 6266227 6275023 NC_079475.1 38195447 38204171 color=mygreen
8 8122022 8130168 NW_026614065.1 9123 18065 color=mygreen
8 8122022 8130168 NC_079477.1 36810034 36819372 color=mygreen
8 8729271 8731084 NC_079478.1 10747710 10779176 color=mygreen
8 8791602 8802889 NC_079474.1 15269701 15277643 color=mygreen
8 8896986 8904492 NC_079483.1 7619618 7634949 color=mygreen
8 9228627 9229721 NC_079481.1 11541910 11549312 color=mygreen
8 9432143 9436072 NC_079479.1 25658713 25665513 color=mygreen
8 9493916 9495884 NC_079481.1 16471657 16477622 color=mygreen
8 10485661 10491697 NC_079479.1 23768152 23769354 color=mygreen
8 11088998 11095035 NC_079479.1 35197085 35216657 color=mygreen
8 11154143 11154589 NC_079479.1 35257123 35260742 color=mygreen
8 11630321 11630674 NC_079481.1 7789150 7995289 color=mygreen
8 12220124 12222540 NC_079483.1 6444504 6455504 color=mygreen
8 12220124 12222543 NC_079483.1 6444504 6455504 color=mygreen
8 12347376 12349748 NC_079475.1 37473386 37478682 color=mygreen
8 12364011 12366710 NC_079484.1 2587014 2591243 color=mygreen
8 12511720 12513239 NC_079474.1 33447932 33449027 color=mygreen
8 12641168 12661399 NC_079475.1 3441391 3483300 color=mygreen
8 13528109 13528651 NC_079477.1 35325464 35326272 color=mygreen
8 13533206 13539217 NC_079476.1 31331028 31344207 color=mygreen
8 13542610 13545500 NC_079474.1 32601157 32604907 color=mygreen
8 13542610 13545506 NC_079474.1 32601157 32604907 color=mygreen
8 13717236 13726760 NC_079481.1 9842872 9857226 color=mygreen
8 13728810 13733757 NC_079481.1 9872106 9877888 color=mygreen
8 13728810 13733757 NC_079480.1 29537509 29541125 color=mygreen
8 13728810 13733757 NC_079481.1 9842872 9857226 color=mygreen
8 13738918 13744197 NC_079481.1 9872106 9877888 color=mygreen
8 13738918 13744197 NC_079480.1 29537509 29541125 color=mygreen
8 13738918 13744197 NC_079481.1 9842872 9857226 color=mygreen
8 17801356 17822054 NC_079479.1 3698533 3741833 color=mygreen
8 18051349 18052056 NC_079480.1 18729655 19146502 color=mygreen
8 18190946 18197583 NC_079480.1 18729655 19146502 color=mygreen
8 18435505 18438749 NC_079480.1 18729655 19146502 color=mygreen
8 19772062 19777964 NC_079478.1 9511680 9517618 color=mygreen
8 19790167 19794980 NC_079480.1 33286496 33292521 color=mygreen
8 20348680 20353592 NC_079475.1 35827602 35830326 color=mygreen
8 21117091 21118661 NC_079483.1 15963158 15964883 color=mygreen
8 21588579 21601303 NC_079474.1 28329507 28567843 color=mygreen
8 21993711 21993968 NC_079479.1 5367539 5367998 color=mygreen
8 22134791 22139383 NC_079474.1 11750224 11751370 color=mygreen
8 23979506 24000025 NC_079482.1 18576674 18970093 color=mygreen
8 24301634 24303868 NC_079475.1 42061550 42063660 color=mygreen
8 24404257 24407732 NC_079483.1 19665921 19673994 color=mygreen
8 24464868 24479424 NC_079480.1 2095829 2202600 color=mygreen
8 24494795 24497003 NC_079480.1 2095829 2202600 color=mygreen
8 25264208 25267255 NC_079479.1 13308200 13309158 color=mygreen
8 25340955 25341887 NC_079479.1 13194742 13281154 color=mygreen
8 25511724 25513079 NC_079481.1 28750298 28751780 color=mygreen
8 25854356 25855872 NC_079474.1 15752488 15753565 color=mygreen
8 26172339 26176775 NC_079478.1 23340087 23357743 color=mygreen
8 26180943 26181460 NC_079474.1 16992923 16995876 color=mygreen
8 26302601 26303042 NC_079479.1 12227697 12228530 color=mygreen
8 26309745 26313671 NC_079479.1 12234711 12252042 color=mygreen
8 26338504 26339094 NC_079485.1 15238880 15248705 color=mygreen
8 26347675 26362214 NC_079476.1 4281492 4282265 color=mygreen
8 26795774 26798154 NC_079479.1 21637528 21722199 color=mygreen
8 26865732 26869373 NC_079474.1 16985382 16992778 color=mygreen
8 26998908 27000839 NC_079474.1 16093677 16095560 color=mygreen
8 27410811 27422093 NC_079480.1 496534 520781 color=mygreen
8 27410811 27422093 NW_026614163.1 2922 10426 color=mygreen
8 27777602 27786496 NC_079479.1 5897313 6071962 color=mygreen
8 27954079 27967349 NC_079481.1 28718577 28738556 color=mygreen
8 28005615 28008876 NC_079475.1 35881455 35882447 color=mygreen
9 1395674 1399856 NC_079481.1 7175702 7179381 color=mygreen
9 3477174 3484107 NC_079485.1 36655040 36672835 color=mygreen
9 3780333 3812409 NC_079476.1 2859506 2957907 color=mygreen
9 5012034 5016814 NC_079474.1 34476118 34664163 color=mygreen
9 5519571 5521856 NC_079483.1 11958098 11963670 color=mygreen
9 5519571 5521856 NC_079483.1 11958098 11963670 color=mygreen
9 5519571 5521856 NC_079483.1 11958098 11963670 color=mygreen
9 5519571 5521856 NC_079485.1 14547183 14548378 color=mygreen
9 5519571 5521856 NC_079485.1 14547183 14548378 color=mygreen
9 5519571 5521856 NC_079485.1 14547183 14548378 color=mygreen
9 5519571 5521856 NC_079485.1 14547183 14548378 color=mygreen
9 5519571 5521856 NC_079485.1 14547183 14548378 color=mygreen
9 5519571 5521856 NC_079485.1 14547183 14548378 color=mygreen
9 5519571 5521856 NC_079485.1 14547183 14548378 color=mygreen
9 5519571 5521856 NC_079485.1 14547183 14548378 color=mygreen
9 5519571 5521856 NC_079481.1 7120648 7121360 color=mygreen
9 5519571 5521856 NC_079481.1 7120648 7121360 color=mygreen
9 5519571 5521856 NC_079481.1 7120648 7121360 color=mygreen
9 5519571 5521856 NC_079481.1 7120648 7121360 color=mygreen
9 5519571 5521856 NC_079481.1 7120648 7121360 color=mygreen
9 5519571 5521856 NC_079481.1 7120648 7121360 color=mygreen
9 5519571 5521856 NC_079481.1 7120648 7121360 color=mygreen
9 5519571 5521856 NC_079481.1 7120648 7121360 color=mygreen
9 5519571 5521856 NC_079481.1 7120648 7121360 color=mygreen
9 5519571 5521856 NC_079481.1 7120648 7121360 color=mygreen
9 5519571 5521856 NC_079481.1 29835943 29838097 color=mygreen
9 5519571 5521856 NC_079481.1 29835943 29838097 color=mygreen
9 5519571 5521856 NC_079481.1 29835943 29838097 color=mygreen
9 5519571 5521856 NC_079481.1 29835943 29838097 color=mygreen
9 5519571 5521856 NC_079481.1 29835943 29838097 color=mygreen
9 5519571 5521856 NC_079481.1 29835943 29838097 color=mygreen
9 5519571 5521856 NC_079481.1 29835943 29838097 color=mygreen
9 5519571 5521856 NC_079481.1 29835943 29838097 color=mygreen
9 5519571 5521856 NC_079481.1 29835943 29838097 color=mygreen
9 5519571 5521856 NC_079481.1 29835943 29838097 color=mygreen
9 6106483 6124133 NC_079484.1 10932076 11072099 color=mygreen
9 6168583 6171094 NC_079481.1 10364865 10522112 color=mygreen
9 6637892 6661024 NC_079482.1 21532448 21674217 color=mygreen
9 7198240 7201520 NC_079476.1 3302636 3305471 color=mygreen
9 7342222 7345127 NC_079476.1 3048848 3053211 color=mygreen
9 8659017 8661328 NC_079479.1 15646620 15655134 color=mygreen
9 9598739 9601826 NC_079475.1 5750167 5757296 color=mygreen
9 9642651 9647710 NC_079480.1 23252383 23262140 color=mygreen
9 9751615 9757462 NC_079476.1 8122809 8236273 color=mygreen
9 10876729 10878799 NC_079484.1 2339411 2492522 color=mygreen
9 11590993 11592612 NC_079477.1 32120352 32127216 color=mygreen
9 15140403 15141877 NC_079479.1 1875299 1881286 color=mygreen
9 15194629 15196801 NC_079485.1 39752901 39757194 color=mygreen
9 15568009 15571325 NC_079479.1 10069704 10077672 color=mygreen
9 16865633 16881668 NC_079483.1 20454721 20475376 color=mygreen
9 16886028 16892009 NC_079483.1 20443924 20452831 color=mygreen
9 17823768 17837406 NC_079479.1 10427495 10679177 color=mygreen
9 18000526 18001445 NC_079476.1 36441545 36444062 color=mygreen
9 20012858 20018793 NC_079474.1 12343656 12478440 color=mygreen
9 20494629 20508802 NC_079475.1 21496160 21521135 color=mygreen
9 20818545 20820614 NC_079474.1 24127768 24130689 color=mygreen
9 21075656 21086987 NC_079481.1 31798161 31804674 color=mygreen
9 21799210 21802442 NC_079474.1 5284021 5289253 color=mygreen
9 22015332 22016903 NC_079480.1 22533639 22536196 color=mygreen
9 23266580 23270727 NC_079479.1 14919535 14966282 color=mygreen
9 23429721 23432835 NC_079475.1 11195401 11206942 color=mygreen
9 23508092 23510755 NC_079483.1 5365750 5375666 color=mygreen
9 23511761 23512669 NC_079483.1 5364397 5365530 color=mygreen
9 23615508 23618549 NC_079478.1 19467299 19712977 color=mygreen
9 23752346 23752805 NC_079475.1 11207921 11270232 color=mygreen
9 23758908 23759367 NC_079475.1 11207921 11270232 color=mygreen
9 23835558 23835770 NC_079483.1 18921189 18926745 color=mygreen
9 23938105 23941323 NC_079475.1 34738287 34739137 color=mygreen
9 24222772 24230508 NC_079474.1 1692173 1705022 color=mygreen
9 24932334 24940190 NC_079485.1 1259702 1262762 color=mygreen
9 25530843 25553689 NC_079484.1 1621194 1670211 color=mygreen
9 25588600 25593502 NC_079480.1 22552124 22567270 color=mygreen
9 25932220 25935260 NC_079483.1 16163709 16167599 color=mygreen
X 158386 163545 NC_079485.1 30585802 30592923 color=myblue
X 513535 516125 NC_079485.1 29714021 29716548 color=myblue
X 513535 516125 NC_079479.1 30702568 30710681 color=myblue
X 531650 560971 NC_079485.1 37513020 37570988 color=myblue
X 574643 575098 NC_079485.1 37489043 37500596 color=myblue
X 724985 727111 NC_079485.1 19284370 19850379 color=myblue
X 789771 798377 NC_079485.1 36405580 36476045 color=myblue
X 820581 821537 NC_079485.1 8972801 8975122 color=myblue
X 820593 821537 NC_079485.1 8972801 8975122 color=myblue
X 855838 859311 NC_079485.1 35034841 35043502 color=myblue
X 1096876 1097295 NC_079485.1 25883639 25993089 color=myblue
X 1364091 1406202 NC_079485.1 12503222 12599702 color=myblue
X 1496903 1497139 NC_079485.1 12686746 12797598 color=myblue
X 1582413 1615577 NC_079485.1 12686746 12797598 color=myblue
X 2116202 2118791 NC_079485.1 28098483 28109874 color=myblue
X 2128109 2134582 NC_079485.1 25739736 25851347 color=myblue
X 2128109 2146244 NC_079485.1 25739736 25851347 color=myblue
X 2230242 2232775 NC_079485.1 32544780 32549902 color=myblue
X 2272147 2275480 NC_079485.1 34558677 34572123 color=myblue
X 2306977 2309983 NC_079485.1 10294919 10338200 color=myblue
X 2570661 2571244 NC_079485.1 22782336 22850852 color=myblue
X 2701059 2708068 NC_079485.1 19103001 19169554 color=myblue
X 2715792 2723800 NC_079485.1 19103001 19169554 color=myblue
X 2745043 2748759 NC_079485.1 19087040 19101605 color=myblue
X 2745043 2751297 NC_079485.1 19087040 19101605 color=myblue
X 2749518 2751297 NC_079485.1 19087040 19101605 color=myblue
X 2765856 2796114 NC_079485.1 37766022 37866623 color=myblue
X 3110932 3113274 NC_079476.1 32842575 32846096 color=myblue
X 3762772 3772419 NC_079485.1 37693055 37749827 color=myblue
X 3875246 3878308 NC_079485.1 21130926 21256643 color=myblue
X 3951556 3966202 NC_079485.1 21130926 21256643 color=myblue
X 3971816 3976480 NC_079485.1 30581763 30583812 color=myblue
X 4137292 4137987 NC_079485.1 8418536 8537311 color=myblue
X 4167639 4172114 NC_079485.1 8418536 8537311 color=myblue
X 4196955 4205739 NC_079485.1 8418536 8537311 color=myblue
X 4300242 4317469 NC_079485.1 37647502 37661092 color=myblue
X 4819247 4821198 NC_079485.1 35786513 35803118 color=myblue
X 4826211 4832353 NC_079485.1 25605379 25611225 color=myblue
X 4984928 4990289 NC_079485.1 30249428 30337607 color=myblue
X 5122839 5134397 NC_079485.1 28324799 28359559 color=myblue
X 5720738 5724749 NC_079485.1 34002515 34024131 color=myblue
X 5818729 5822839 NC_079485.1 25409163 25433647 color=myblue
X 5818729 5822839 NC_079476.1 22014101 22017266 color=myblue
X 5822967 5825620 NC_079485.1 25409163 25433647 color=myblue
X 6017781 6022141 NC_079485.1 30044938 30223477 color=myblue
X 6176191 6176397 NC_079485.1 38653401 38692081 color=myblue
X 6291788 6295221 NC_079485.1 30509191 30514821 color=myblue
X 6423055 6431050 NC_079485.1 34521952 34546424 color=myblue
X 6998643 6999194 NC_079485.1 27605086 27606345 color=myblue
X 7003185 7003655 NC_079485.1 27607277 27748472 color=myblue
X 7084660 7085517 NC_079485.1 25597332 25600116 color=myblue
X 7145392 7161876 NC_079485.1 38040521 38054091 color=myblue
X 14356064 14366317 NC_079485.1 21672543 21691644 color=myblue
X 14894311 14899657 NC_079485.1 35931910 35937631 color=myblue
X 15130183 15134178 NC_079485.1 8966773 8968959 color=myblue
X 15235409 15237211 NC_079485.1 27531646 27537522 color=myblue
X 15686714 15690577 NC_079485.1 32824979 32831765 color=myblue
X 15932570 15935998 NC_079485.1 35980343 36349604 color=myblue
X 16147451 16147882 NC_079485.1 30624121 30637070 color=myblue
X 16190532 16193253 NC_079485.1 29740324 29742931 color=myblue
X 16218415 16230487 NC_079485.1 8573257 8656155 color=myblue
X 16237318 16240204 NC_079485.1 8573257 8656155 color=myblue
X 16237318 16258880 NC_079485.1 8573257 8656155 color=myblue
X 16237318 16258880 NC_079485.1 8573257 8656155 color=myblue
X 16270841 16271386 NC_079485.1 30828464 30830045 color=myblue
X 16378272 16380151 NC_079485.1 31284014 31333551 color=myblue
X 16412070 16413996 NC_079485.1 31284014 31333551 color=myblue
X 16751093 16755963 NC_079485.1 31339978 31354883 color=myblue
X 16808299 16809641 NC_079485.1 25853232 25874509 color=myblue
X 16918997 16934444 NC_079485.1 34257614 34345625 color=myblue
X 18753377 18754680 NC_079485.1 28574546 28677150 color=myblue
X 18770130 18774914 NC_079485.1 28574546 28677150 color=myblue
X 18792329 18796291 NC_079485.1 37664459 37675682 color=myblue
X 18805357 18809129 NC_079485.1 20151455 20175879 color=myblue
X 19519041 19524518 NC_079485.1 28720878 28733402 color=myblue
X 19558039 19560017 NC_079485.1 33705745 33711283 color=myblue
X 19816844 19818908 NC_079475.1 32369342 32376205 color=myblue
X 19850158 19852351 NC_079485.1 22218957 22286816 color=myblue
X 20620424 20620669 NC_079485.1 31359623 31527884 color=myblue
X 20737436 20745078 NC_079485.1 31359623 31527884 color=myblue
X 20772590 20776651 NC_079485.1 7592952 7605108 color=myblue
X 20833944 20844667 NC_079485.1 7423620 7445966 color=myblue
X 20851363 20851890 NC_079485.1 29719316 29726674 color=myblue
X 20904013 20909893 NC_079485.1 28308796 28319677 color=myblue
X 21475392 21495764 NC_079485.1 21624890 21669244 color=myblue
X 21523169 21541077 NC_079485.1 21586577 21608875 color=myblue
X 21558175 21559751 NC_079485.1 30594698 30598215 color=myblue
X 21561438 21568615 NC_079485.1 28683181 28693285 color=myblue
X 21639061 21647089 NC_079485.1 36676349 36690855 color=myblue
X 21758452 21769019 NC_079485.1 9481142 9491648 color=myblue
