CAVLJG010000233.1 44594 58380 3 34886056 34889040 color=mygdarkreen
CAVLJG010000233.1 44594 58380 3 34886056 34889040 color=mygdarkreen
CAVLJG010000233.1 44594 58380 3 34886056 34889040 color=mygdarkreen
CAVLJG010000566.1 17870 57458 3 34886056 34889040 color=mygdarkreen
CAVLJG010000566.1 17870 57458 3 34886056 34889040 color=mygdarkreen
CAVLJG010002896.1 190280 256300 3 34886056 34889040 color=mygdarkreen
CAVLJG010002896.1 190280 256300 3 34886056 34889040 color=mygdarkreen
CAVLJG010002896.1 190280 256300 3 34886056 34889040 color=mygdarkreen
CAVLJG010002896.1 190280 256300 3 34886056 34889040 color=mygdarkreen
CAVLJG010002896.1 190280 256300 3 34886056 34889040 color=mygdarkreen
