1 845058 845354 Y 239296 239225 color=lorange
1 19074484 19075404 Y 166219 166695 color=lorange
1 19074484 19075404 Y 165905 166231 color=lorange
1 20015015 20015434 Y 13998 14039 color=lorange
1 20412769 20417549 Y 2369800 2369576 color=lorange
1 20412769 20417549 Y 2369235 2369056 color=lorange
1 20412769 20417549 Y 2669407 2669631 color=lorange
1 20412769 20417549 Y 2669967 2670146 color=lorange
1 20412769 20417549 Y 2538424 2538648 color=lorange
1 20412769 20417549 Y 2333870 2333646 color=lorange
1 20412769 20417549 Y 2289162 2288938 color=lorange
1 20412769 20417549 Y 2577095 2577319 color=lorange
1 20412769 20417549 Y 2305851 2306075 color=lorange
1 20412769 20417549 Y 2347404 2347628 color=lorange
1 20412769 20417549 Y 2653466 2653242 color=lorange
1 20412769 20417549 Y 2559472 2559248 color=lorange
1 20412769 20417549 Y 2599100 2598876 color=lorange
1 20412769 20417549 Y 2521647 2521423 color=lorange
1 20412769 20417549 Y 2386224 2386448 color=lorange
1 20412769 20417549 Y 2615851 2616075 color=lorange
1 20412769 20417549 Y 2499415 2499639 color=lorange
1 20412769 20417549 Y 2638273 2638049 color=lorange
1 20412769 20417549 Y 2462103 2462327 color=lorange
1 20412769 20417549 Y 2445323 2445099 color=lorange
1 20412769 20417549 Y 2422938 2423162 color=lorange
1 20412769 20417549 Y 2408531 2408346 color=lorange
1 20417672 20423328 Y 2576497 2576802 color=lorange
1 20417672 20423328 Y 2576207 2576470 color=lorange
1 20417672 20423328 Y 2576796 2576972 color=lorange
1 20417672 20423328 Y 2334468 2334163 color=lorange
1 20417672 20423328 Y 2346806 2347111 color=lorange
1 20417672 20423328 Y 2422340 2422645 color=lorange
1 20417672 20423328 Y 2334758 2334495 color=lorange
1 20417672 20423328 Y 2346516 2346779 color=lorange
1 20417672 20423328 Y 2422050 2422313 color=lorange
1 20417672 20423328 Y 2334169 2333993 color=lorange
1 20417672 20423328 Y 2347105 2347281 color=lorange
1 20417672 20423328 Y 2422639 2422815 color=lorange
1 20417672 20423328 Y 2445920 2445615 color=lorange
1 20417672 20423328 Y 2446210 2445947 color=lorange
1 20417672 20423328 Y 2445621 2445445 color=lorange
1 20417672 20423328 Y 2370398 2370093 color=lorange
1 20417672 20423328 Y 2370688 2370425 color=lorange
1 20417672 20423328 Y 2370099 2369923 color=lorange
1 20417672 20423328 Y 2481811 2481506 color=lorange
1 20417672 20423328 Y 2482101 2481838 color=lorange
1 20417672 20423328 Y 2481512 2481336 color=lorange
1 20417672 20423328 Y 2498818 2499123 color=lorange
1 20417672 20423328 Y 2498528 2498791 color=lorange
1 20417672 20423328 Y 2499117 2499293 color=lorange
1 20417672 20423328 Y 2560360 2560097 color=lorange
1 20417672 20423328 Y 2559771 2559595 color=lorange
1 20417672 20423328 Y 2290050 2289787 color=lorange
1 20417672 20423328 Y 2289461 2289285 color=lorange
1 20417672 20423328 Y 2638871 2638581 color=lorange
1 20417672 20423328 Y 2522245 2521955 color=lorange
1 20417672 20423328 Y 2305253 2305543 color=lorange
1 20417672 20423328 Y 2615253 2615543 color=lorange
1 20417672 20423328 Y 2639161 2638898 color=lorange
1 20417672 20423328 Y 2522535 2522272 color=lorange
1 20417672 20423328 Y 2304963 2305226 color=lorange
1 20417672 20423328 Y 2614963 2615226 color=lorange
1 20417672 20423328 Y 2409129 2408839 color=lorange
1 20417672 20423328 Y 2409419 2409156 color=lorange
1 20417672 20423328 Y 2461505 2461795 color=lorange
1 20417672 20423328 Y 2461215 2461478 color=lorange
1 20417672 20423328 Y 2668814 2669104 color=lorange
1 20417672 20423328 Y 2668524 2668787 color=lorange
1 20417672 20423328 Y 2385626 2385916 color=lorange
1 20417672 20423328 Y 2385336 2385599 color=lorange
1 20417672 20423328 Y 2654063 2653773 color=lorange
1 20417672 20423328 Y 2654353 2654090 color=lorange
1 20417672 20423328 Y 2599698 2599408 color=lorange
1 20417672 20423328 Y 2537826 2538116 color=lorange
1 20417672 20423328 Y 2537536 2537799 color=lorange
