NC_079474.1 85453 90693 1 39786432 39800922 color=lorange
NC_079474.1 330889 337851 5 26916720 26920119 color=lorange
NC_079474.1 769161 770045 3 2845746 2846051 color=lorange
NC_079474.1 889178 890076 4 31322548 31322958 color=lorange
NC_079474.1 919411 922390 3 1943863 1945533 color=lorange
NC_079474.1 1318607 1520413 3 4579456 4600746 color=lorange
NC_079474.1 1616926 1643148 8 5606821 5613211 color=lorange
NC_079474.1 1640728 1655864 7 33007722 33008769 color=lorange
NC_079474.1 1692173 1705022 9 24222772 24230508 color=lorange
NC_079474.1 2709082 2759655 1 30325698 30334627 color=lorange
NC_079474.1 3763645 3773320 2 41705446 41709500 color=lorange
NC_079474.1 4133748 4144814 2 7817630 7825705 color=lorange
NC_079474.1 5284021 5289253 9 21799210 21802442 color=lorange
NC_079474.1 7319162 7382515 3 17640591 17646309 color=lorange
NC_079474.1 7319162 7382515 3 17769685 17771300 color=lorange
NC_079474.1 9799510 9964473 8 3772742 3775806 color=lorange
NC_079474.1 9799510 9964473 8 3811110 3812440 color=lorange
NC_079474.1 10201108 10207245 5 4556857 4560991 color=lorange
NC_079474.1 10824679 10846629 3 40406989 40415879 color=lorange
NC_079474.1 10863693 10867948 7 3562282 3563786 color=lorange
NC_079474.1 11642659 11645880 1 8919056 8920991 color=lorange
NC_079474.1 11698683 11711905 1 1371125 1393477 color=lorange
NC_079474.1 11750224 11751370 8 22134791 22139383 color=lorange
NC_079474.1 11919201 11948907 2 41714642 41715928 color=lorange
NC_079474.1 11956050 11967561 2 41440827 41446934 color=lorange
NC_079474.1 12343656 12478440 9 20012858 20018793 color=lorange
NC_079474.1 12856932 12857757 5 15093603 15095199 color=lorange
NC_079474.1 13001310 13002311 5 25255651 25261251 color=lorange
NC_079474.1 13003698 13011799 5 24807709 24812829 color=lorange
NC_079474.1 13458116 13462412 5 25333637 25341597 color=lorange
NC_079474.1 13938267 13943787 5 21988420 21991326 color=lorange
NC_079474.1 14827772 14865821 9 7347527 7348306 color=lorange
NC_079474.1 15269701 15277643 8 8791602 8802889 color=lorange
NC_079474.1 15540080 15544800 4 8946327 8947667 color=lorange
NC_079474.1 15752488 15753565 8 25854356 25855872 color=lorange
NC_079474.1 15809692 15810120 2 4215028 4215357 color=lorange
NC_079474.1 15905184 15971658 5 12878604 12887857 color=lorange
NC_079474.1 16007330 16024639 2 13597939 13603720 color=lorange
NC_079474.1 16007330 16024639 2 13606049 13608328 color=lorange
NC_079474.1 16093677 16095560 8 26998908 27000839 color=lorange
NC_079474.1 16317327 16333331 5 15022554 15034074 color=lorange
NC_079474.1 16481145 16484133 5 31111252 31111982 color=lorange
NC_079474.1 16920364 16929861 4 28017476 28021842 color=lorange
NC_079474.1 16985382 16992778 8 26865732 26869373 color=lorange
NC_079474.1 16992923 16995876 8 26180943 26181460 color=lorange
NC_079474.1 17382026 17385779 5 31651550 31655612 color=lorange
NC_079474.1 18123475 18124905 6 12707161 12741630 color=lorange
NC_079474.1 19039168 19041141 3 12268553 12268948 color=lorange
NC_079474.1 19135223 19136096 2 44374959 44375882 color=lorange
NC_079474.1 23012172 23015252 3 8558160 8567840 color=lorange
NC_079474.1 23012172 23015252 7 27509542 27511974 color=lorange
NC_079474.1 23230608 24120291 4 30420507 30429357 color=lorange
NC_079474.1 24127768 24130689 9 20818545 20820614 color=lorange
NC_079474.1 24957805 24966588 9 20814073 20817512 color=lorange
NC_079474.1 25154963 26690187 5 37042065 37047223 color=lorange
NC_079474.1 25154963 26690187 5 36954761 36956140 color=lorange
NC_079474.1 27467781 27631823 3 5842654 5842926 color=lorange
NC_079474.1 28177106 28179405 6 10049725 10050364 color=lorange
NC_079474.1 28329507 28567843 8 21588579 21601303 color=lorange
NC_079474.1 29059290 29060238 8 4045747 4046290 color=lorange
NC_079474.1 31702969 31713033 6 29350510 29365954 color=lorange
NC_079474.1 32601157 32604907 8 13542610 13545506 color=lorange
NC_079474.1 32601157 32604907 8 13542610 13545500 color=lorange
NC_079474.1 32847732 32853058 1 46912066 46919126 color=lorange
NC_079474.1 32872539 32894779 8 225662 230766 color=lorange
NC_079474.1 33439443 33442253 4 37780052 37782793 color=lorange
NC_079474.1 33447932 33449027 8 12511720 12513239 color=lorange
NC_079474.1 33449281 33455317 5 17186720 17195683 color=lorange
NC_079474.1 33477588 33653538 5 22796295 22820630 color=lorange
NC_079474.1 33884265 33964272 5 33371178 33381989 color=lorange
NC_079474.1 34148739 34326542 5 33882672 33887119 color=lorange
NC_079474.1 34476118 34664163 9 5012034 5016814 color=lorange
NC_079474.1 35140812 35142616 1 6695533 6696416 color=lorange
NC_079474.1 37447234 37548742 6 1561916 1562685 color=lorange
NC_079474.1 37716412 37789166 6 1679712 1679933 color=lorange
NC_079474.1 38150003 38186321 2 17587370 17605985 color=lorange
NC_079474.1 38483140 38493051 2 44438735 44443091 color=lorange
NC_079474.1 42066496 42067947 1 26913400 26915327 color=lorange
NC_079474.1 42590792 42592458 7 36254427 36256478 color=lorange
NC_079474.1 42957948 43166516 6 30012219 30019423 color=lorange
NC_079474.1 43181010 43216464 6 30204164 30211275 color=lorange
NC_079474.1 43815016 43873570 6 476228 483162 color=lorange
NC_079474.1 44788402 44810703 6 36240225 36246237 color=lorange
NC_079474.1 44818556 44827007 6 36252647 36254660 color=lorange
NC_079474.1 44861189 44865929 6 5457370 5460203 color=lorange
NC_079475.1 147189 147637 5 4126189 4126967 color=lorange
NC_079475.1 148215 148664 6 20889606 20889839 color=lorange
NC_079475.1 152937 153383 5 4126189 4126967 color=lorange
NC_079475.1 153931 154371 6 20889606 20889839 color=lorange
NC_079475.1 159424 159979 5 4126189 4126967 color=lorange
NC_079475.1 160400 160850 6 20889606 20889839 color=lorange
NC_079475.1 176587 177085 5 4126189 4126967 color=lorange
NC_079475.1 177647 178096 6 20889606 20889839 color=lorange
NC_079475.1 182384 182832 5 4126189 4126967 color=lorange
NC_079475.1 183409 183858 6 20889606 20889839 color=lorange
NC_079475.1 188146 188594 5 4126189 4126967 color=lorange
NC_079475.1 189173 189625 6 20889606 20889839 color=lorange
NC_079475.1 201912 202360 5 4126189 4126967 color=lorange
NC_079475.1 202932 203374 6 20889606 20889839 color=lorange
NC_079475.1 585316 586461 6 12707161 12741630 color=lorange
NC_079475.1 1823113 1835811 3 1641916 1643987 color=lorange
NC_079475.1 3047909 3049571 8 8987235 8988396 color=lorange
NC_079475.1 3441391 3483300 8 12641168 12661399 color=lorange
NC_079475.1 5138904 5144693 6 9039889 9044571 color=lorange
NC_079475.1 5569993 5571479 7 6619177 6621590 color=lorange
NC_079475.1 5750167 5757296 9 9598739 9601826 color=lorange
NC_079475.1 7081060 7092892 5 17890825 17910490 color=lorange
NC_079475.1 7975906 7980551 5 6498006 6498512 color=lorange
NC_079475.1 10858377 10884564 4 13123505 13140367 color=lorange
NC_079475.1 11047350 11084398 X 20928157 20935847 color=lorange
NC_079475.1 11195401 11206942 9 23429721 23432835 color=lorange
NC_079475.1 11207921 11270232 9 23758908 23759367 color=lorange
NC_079475.1 11207921 11270232 9 23752346 23752805 color=lorange
NC_079475.1 11334474 11337862 5 38888278 38890218 color=lorange
NC_079475.1 12188222 12188470 3 26412061 26412315 color=lorange
NC_079475.1 12639133 12644577 6 24851587 24857314 color=lorange
NC_079475.1 12658300 12665434 2 11598661 11602126 color=lorange
NC_079475.1 13738338 14290265 2 31497509 31498295 color=lorange
NC_079475.1 14688274 14738184 5 16991909 16995710 color=lorange
NC_079475.1 18270441 18300521 2 11612646 11616073 color=lorange
NC_079475.1 18315813 18316469 2 40777416 40777853 color=lorange
NC_079475.1 18424074 18433861 1 29523912 29529522 color=lorange
NC_079475.1 18460921 18469711 1 31559598 31568027 color=lorange
NC_079475.1 19342801 19343618 3 9787883 9788488 color=lorange
NC_079475.1 19522734 19527083 3 11081376 11083703 color=lorange
NC_079475.1 19522734 19527083 2 34276632 34280570 color=lorange
NC_079475.1 19618011 19621891 5 4869766 4870656 color=lorange
NC_079475.1 20770630 20811487 6 10378057 10379831 color=lorange
NC_079475.1 20770630 20811487 6 10394220 10397569 color=lorange
NC_079475.1 21496160 21521135 9 20494629 20508802 color=lorange
NC_079475.1 22196117 22247507 7 30670534 30672761 color=lorange
NC_079475.1 22712377 22713779 3 34886056 34889040 color=lorange
NC_079475.1 22885377 23132024 3 26089692 26094199 color=lorange
NC_079475.1 22885377 23132024 3 26107017 26110722 color=lorange
NC_079475.1 22885377 23132024 3 26073030 26074809 color=lorange
NC_079475.1 24129019 24646905 4 15455628 15470315 color=lorange
NC_079475.1 25586746 25593055 3 7307508 7312015 color=lorange
NC_079475.1 25899181 25908013 3 39764314 39775809 color=lorange
NC_079475.1 26352792 26355896 6 12675155 12678725 color=lorange
NC_079475.1 27882026 28044305 1 2016846 2024661 color=lorange
NC_079475.1 32369342 32376205 X 19816844 19818908 color=lorange
NC_079475.1 32674512 32690774 4 36994892 37001727 color=lorange
NC_079475.1 33597696 34286013 5 9668340 9674592 color=lorange
NC_079475.1 34704374 34705397 5 17169674 17170624 color=lorange
NC_079475.1 34738287 34739137 9 23938105 23941323 color=lorange
NC_079475.1 35172084 35345665 6 28289066 28291180 color=lorange
NC_079475.1 35172084 35345665 6 28413916 28418758 color=lorange
NC_079475.1 35827602 35830326 8 20348680 20353592 color=lorange
NC_079475.1 35881455 35882447 8 28005615 28008876 color=lorange
NC_079475.1 36259595 36340589 3 39664939 39665938 color=lorange
NC_079475.1 37473386 37478682 8 12347376 12349748 color=lorange
NC_079475.1 37483766 37487514 7 26775360 26779369 color=lorange
NC_079475.1 37764379 37768527 2 42835317 42840878 color=lorange
NC_079475.1 38195447 38204171 8 6266227 6275023 color=lorange
NC_079475.1 39286629 39287432 4 1832180 1833077 color=lorange
NC_079475.1 39288251 39302053 4 12165591 12169367 color=lorange
NC_079475.1 40323528 40324362 3 8498708 8499699 color=lorange
NC_079475.1 40326969 40330314 3 8489385 8495275 color=lorange
NC_079475.1 40421089 40436304 8 3320730 3333968 color=lorange
NC_079475.1 40421089 40436304 8 3324426 3333968 color=lorange
NC_079475.1 40421089 40436304 8 3320730 3324059 color=lorange
NC_079475.1 41566153 41573532 1 40164683 40169823 color=lorange
NC_079475.1 42061550 42063660 8 24301634 24303868 color=lorange
NC_079475.1 42064347 42067140 1 19940955 19945367 color=lorange
NC_079476.1 461571 513021 1 37359115 37369208 color=lorange
NC_079476.1 1831253 2480769 1 34332350 34333372 color=lorange
NC_079476.1 2499459 2499808 1 33927847 33928985 color=lorange
NC_079476.1 2859506 2957907 9 3780333 3812409 color=lorange
NC_079476.1 3048848 3053211 9 7342222 7345127 color=lorange
NC_079476.1 3302636 3305471 9 7198240 7201520 color=lorange
NC_079476.1 3307488 3312545 4 1347044 1349253 color=lorange
NC_079476.1 4074035 4077559 7 12220777 12223273 color=lorange
NC_079476.1 4281492 4282265 8 26347675 26362214 color=lorange
NC_079476.1 5537145 5549365 4 39446664 39459387 color=lorange
NC_079476.1 5613315 5681886 3 38473638 38476326 color=lorange
NC_079476.1 5802359 5819216 1 1371125 1393477 color=lorange
NC_079476.1 6827574 6834749 2 1962702 1966569 color=lorange
NC_079476.1 7174008 7196651 5 12485697 12485927 color=lorange
NC_079476.1 8122809 8236273 9 9751615 9757462 color=lorange
NC_079476.1 11524355 11685252 7 24676747 24679530 color=lorange
NC_079476.1 12239729 12986961 7 2791885 2802417 color=lorange
NC_079476.1 12884736 12886847 7 2831492 2832589 color=lorange
NC_079476.1 12896888 12900322 7 2824551 2825648 color=lorange
NC_079476.1 16761612 16781800 2 1829285 1841529 color=lorange
NC_079476.1 16799042 16841764 2 1771535 1780290 color=lorange
NC_079476.1 16843578 16850286 2 1758160 1764447 color=lorange
NC_079476.1 17294606 17303133 2 657742 666094 color=lorange
NC_079476.1 18863861 18866121 2 4114676 4115542 color=lorange
NC_079476.1 19086998 19088818 3 5930839 5933058 color=lorange
NC_079476.1 19138926 19141549 3 29577037 29577411 color=lorange
NC_079476.1 19206257 19213215 6 13037034 13045432 color=lorange
NC_079476.1 21789497 21817582 8 2286532 2296194 color=lorange
NC_079476.1 21895199 21925165 4 23589260 23594560 color=lorange
NC_079476.1 21961024 21962631 3 40113350 40115653 color=lorange
NC_079476.1 21999709 22001410 8 4569147 4569821 color=lorange
NC_079476.1 22004454 22010612 8 4889624 4891852 color=lorange
NC_079476.1 22004454 22010612 8 4889639 4891852 color=lorange
NC_079476.1 22014101 22017266 8 4591412 4594264 color=lorange
NC_079476.1 22014101 22017266 X 5818729 5822839 color=lorange
NC_079476.1 22574187 22578094 3 1068126 1072404 color=lorange
NC_079476.1 22582161 22607356 7 35058028 35064251 color=lorange
NC_079476.1 22800138 22805077 1 4963085 4964215 color=lorange
NC_079476.1 22800138 22805077 8 2126037 2128539 color=lorange
NC_079476.1 22800138 22805077 4 36786240 36788322 color=lorange
NC_079476.1 23414750 23417775 3 16939075 16943550 color=lorange
NC_079476.1 23855982 23994032 4 39247831 39293384 color=lorange
NC_079476.1 23855982 23994032 4 39300180 39310417 color=lorange
NC_079476.1 25436869 25438161 5 17754362 17756235 color=lorange
NC_079476.1 25472913 25475455 3 1908916 1919207 color=lorange
NC_079476.1 25491657 25497908 2 7301162 7305619 color=lorange
NC_079476.1 25753199 25755674 3 4424715 4427870 color=lorange
NC_079476.1 26040240 26064408 1 658898 667262 color=lorange
NC_079476.1 26933962 26935050 1 3608102 3608524 color=lorange
NC_079476.1 26935679 26954024 1 7032508 7038130 color=lorange
NC_079476.1 26958516 27029001 1 6936006 6940096 color=lorange
NC_079476.1 27439388 27459596 4 31846192 31865551 color=lorange
NC_079476.1 28922982 29460539 4 37301292 37315865 color=lorange
NC_079476.1 29490859 29679330 4 22440774 22449495 color=lorange
NC_079476.1 29490859 29679330 4 22455215 22462192 color=lorange
NC_079476.1 29761628 29763667 4 34027280 34028124 color=lorange
NC_079476.1 30258397 30279157 3 36384413 36399729 color=lorange
NC_079476.1 30597150 30615806 8 4998562 5004292 color=lorange
NC_079476.1 30949551 31315929 4 34296960 34297966 color=lorange
NC_079476.1 31331028 31344207 8 13533206 13539217 color=lorange
NC_079476.1 31415390 31481313 2 14654163 14659886 color=lorange
NC_079476.1 31801485 31804090 1 28955599 28958098 color=lorange
NC_079476.1 31953091 31967531 6 8329007 8331301 color=lorange
NC_079476.1 32011064 32018898 4 12158020 12163779 color=lorange
NC_079476.1 32842575 32846096 4 38229328 38230745 color=lorange
NC_079476.1 32842575 32846096 X 3110932 3113274 color=lorange
NC_079476.1 33235666 34021065 2 9664245 9681036 color=lorange
NC_079476.1 35821788 35824950 2 21471151 21472856 color=lorange
NC_079476.1 35821788 35824950 2 21471163 21472856 color=lorange
NC_079476.1 36251230 36265527 4 226347 238544 color=lorange
NC_079476.1 36441545 36444062 9 18000526 18001445 color=lorange
NC_079476.1 36445522 36453340 4 22316075 22330684 color=lorange
NC_079476.1 37181804 37271830 4 40893226 40893924 color=lorange
NC_079476.1 37440409 37447271 5 28906915 28915879 color=lorange
NC_079476.1 37460590 37463755 5 28879713 28883650 color=lorange
NC_079476.1 37822078 37824575 4 13755325 13756773 color=lorange
NC_079476.1 38063731 38066663 5 28947448 28949163 color=lorange
NC_079476.1 38081198 38093512 5 28094339 28095568 color=lorange
NC_079476.1 38869764 38950625 1 19655390 19658781 color=lorange
NC_079476.1 39099099 39099860 4 13088523 13090570 color=lorange
NC_079476.1 39100652 39101794 4 13087373 13088028 color=lorange
NC_079476.1 39268500 39271083 7 28725342 28727074 color=lorange
NC_079476.1 39463861 39543182 1 19623767 19633374 color=lorange
NC_079476.1 39708346 39710025 7 28552038 28553096 color=lorange
NC_079476.1 40583431 40585504 4 8941596 8945144 color=lorange
NC_079476.1 40735720 40846635 4 7977727 7993432 color=lorange
NC_079476.1 41065591 41099074 4 8479402 8492877 color=lorange
NC_079476.1 41065591 41099074 4 8455461 8469962 color=lorange
NC_079476.1 41436779 41437983 4 1938532 1941394 color=lorange
NC_079476.1 41861739 41869005 7 28621914 28624832 color=lorange
NC_079476.1 41945214 41996788 6 2527886 2535493 color=lorange
NC_079476.1 42019525 42068758 6 2618574 2619943 color=lorange
NC_079477.1 1319656 1425908 4 35280691 35287014 color=lorange
NC_079477.1 1955290 2000768 2 38695186 38708912 color=lorange
NC_079477.1 1955290 2000768 2 38671021 38671290 color=lorange
NC_079477.1 2002023 2158141 2 38725680 38732208 color=lorange
NC_079477.1 2167665 2168333 5 31847708 31848191 color=lorange
NC_079477.1 3884997 3894260 2 4875713 4881945 color=lorange
NC_079477.1 4778767 4781432 2 36254073 36257384 color=lorange
NC_079477.1 5060892 5066852 3 28657491 28660432 color=lorange
NC_079477.1 5107618 5108449 7 28685069 28685497 color=lorange
NC_079477.1 5380551 5388855 4 15213516 15217574 color=lorange
NC_079477.1 5507104 5508409 3 41204230 41205210 color=lorange
NC_079477.1 5972609 6167426 3 28390447 28408143 color=lorange
NC_079477.1 5972609 6167426 3 28331301 28350214 color=lorange
NC_079477.1 5972609 6167426 3 28409190 28417008 color=lorange
NC_079477.1 6359649 6439976 2 36299011 36306855 color=lorange
NC_079477.1 6748085 6749289 3 37405788 37407682 color=lorange
NC_079477.1 6850151 6851678 3 1059295 1060129 color=lorange
NC_079477.1 7009768 7306583 2 11151160 11176227 color=lorange
NC_079477.1 7853395 8160584 2 42085403 42089769 color=lorange
NC_079477.1 8163303 8175192 2 42972527 42986489 color=lorange
NC_079477.1 8430393 8662909 7 9702566 9704714 color=lorange
NC_079477.1 9783340 9789263 7 33432643 33437457 color=lorange
NC_079477.1 11384170 11890529 3 35982991 35983467 color=lorange
NC_079477.1 13125055 13220872 7 6042445 6043089 color=lorange
NC_079477.1 13125055 13220872 7 5736886 5738093 color=lorange
NC_079477.1 13259790 13268471 7 5736886 5738093 color=lorange
NC_079477.1 13574927 13670981 7 5736886 5738093 color=lorange
NC_079477.1 13574927 13670981 7 6042445 6043089 color=lorange
NC_079477.1 14138288 14519841 7 5040841 5041548 color=lorange
NC_079477.1 16233559 16273573 6 25761187 25809052 color=lorange
NC_079477.1 16367722 16373175 7 18697750 18702069 color=lorange
NC_079477.1 17050707 17799537 1 44479421 44490293 color=lorange
NC_079477.1 18814716 18815375 3 2020488 2021092 color=lorange
NC_079477.1 18829489 18835747 5 15674138 15676320 color=lorange
NC_079477.1 19272495 19471426 3 7679714 7681561 color=lorange
NC_079477.1 21815499 21866126 6 27824666 27828152 color=lorange
NC_079477.1 21911793 21912431 6 32351481 32382052 color=lorange
NC_079477.1 22013641 22025724 6 33387474 33394252 color=lorange
NC_079477.1 22267423 22280326 2 21425110 21430725 color=lorange
NC_079477.1 22547449 22565455 7 11993107 11994202 color=lorange
NC_079477.1 24126735 24128145 6 34242407 34242712 color=lorange
NC_079477.1 25491034 25499095 5 38188290 38197176 color=lorange
NC_079477.1 25651818 25768057 5 281046 293974 color=lorange
NC_079477.1 25958638 25961401 5 528124 529829 color=lorange
NC_079477.1 25977257 25980130 5 547587 553359 color=lorange
NC_079477.1 26404563 26405666 5 6664533 6665039 color=lorange
NC_079477.1 26819734 26832266 5 24072282 24075096 color=lorange
NC_079477.1 26844465 26849189 5 6566080 6567573 color=lorange
NC_079477.1 26981373 26996422 5 6680810 6684593 color=lorange
NC_079477.1 28304134 28309309 5 33896018 33896771 color=lorange
NC_079477.1 28767235 28777336 1 47512892 47514058 color=lorange
NC_079477.1 28780037 28781204 1 44332355 44335345 color=lorange
NC_079477.1 28964431 28978457 6 23825709 23840388 color=lorange
NC_079477.1 30092699 30703358 5 2803376 2813190 color=lorange
NC_079477.1 32120352 32127216 9 11590993 11592612 color=lorange
NC_079477.1 34557848 34558579 6 12707161 12741630 color=lorange
NC_079477.1 34643239 34852953 4 35864318 35867089 color=lorange
NC_079477.1 34913513 34919387 4 35679010 35682213 color=lorange
NC_079477.1 35271981 35274268 7 26905519 26908376 color=lorange
NC_079477.1 35325464 35326272 8 13528109 13528651 color=lorange
NC_079477.1 35612521 35643137 6 23388797 23401851 color=lorange
NC_079477.1 35810471 35845717 4 24812611 24814654 color=lorange
NC_079477.1 35930881 35932897 7 29917464 29924576 color=lorange
NC_079477.1 36392036 36393517 1 24822205 24841632 color=lorange
NC_079477.1 36810034 36819372 8 8122022 8130168 color=lorange
NC_079477.1 37145944 37219003 7 31540758 31548104 color=lorange
NC_079477.1 37319052 37320171 2 598132 602533 color=lorange
NC_079477.1 37874441 37902398 1 26860632 26869806 color=lorange
NC_079477.1 38002153 38004671 8 3313739 3314249 color=lorange
NC_079478.1 632176 641478 5 3217000 3224243 color=lorange
NC_079478.1 686555 688711 7 32093051 32095646 color=lorange
NC_079478.1 697941 701820 7 32037469 32042202 color=lorange
NC_079478.1 1160966 1171227 1 15795558 15798369 color=lorange
NC_079478.1 2864766 3034453 2 15611118 15611696 color=lorange
NC_079478.1 4636202 4639690 7 30241061 30243347 color=lorange
NC_079478.1 6552676 6554772 3 18306286 18306771 color=lorange
NC_079478.1 7306335 7342551 6 33974506 33982440 color=lorange
NC_079478.1 7366535 7370827 6 33993089 33994859 color=lorange
NC_079478.1 7390255 7421113 1 31591443 31594461 color=lorange
NC_079478.1 7597036 7602262 6 27945882 27948018 color=lorange
NC_079478.1 8103786 8121968 7 22056653 22069888 color=lorange
NC_079478.1 8613152 8639692 1 7292174 7299336 color=lorange
NC_079478.1 9511680 9517618 8 19772062 19777964 color=lorange
NC_079478.1 10185260 10192371 3 15477695 15482784 color=lorange
NC_079478.1 10747710 10779176 8 8729271 8731084 color=lorange
NC_079478.1 14589063 14591524 7 35722289 35723601 color=lorange
NC_079478.1 14620087 14807440 2 19393520 19394263 color=lorange
NC_079478.1 15997622 16006577 4 35998910 36003974 color=lorange
NC_079478.1 16319986 16322514 7 8890066 8890398 color=lorange
NC_079478.1 16344246 16570337 3 31005056 31005901 color=lorange
NC_079478.1 16344272 16504150 3 30992767 30994631 color=lorange
NC_079478.1 16344272 16504150 3 30972056 30980292 color=lorange
NC_079478.1 16687020 16695867 7 35859859 35861519 color=lorange
NC_079478.1 17823516 17833962 1 31132510 31139606 color=lorange
NC_079478.1 17823516 17833962 1 31140305 31143571 color=lorange
NC_079478.1 18421161 18421775 6 38107164 38107496 color=lorange
NC_079478.1 18421985 18422539 6 38107164 38107496 color=lorange
NC_079478.1 19166963 19179691 6 37745245 37749857 color=lorange
NC_079478.1 19186059 19192459 6 37772823 37775985 color=lorange
NC_079478.1 19467299 19712977 9 23615508 23618549 color=lorange
NC_079478.1 20236598 20238222 4 36561420 36565210 color=lorange
NC_079478.1 20251340 20257162 5 4032454 4034547 color=lorange
NC_079478.1 20327455 20405911 1 6384537 6405461 color=lorange
NC_079478.1 23340087 23357743 8 26172339 26176775 color=lorange
NC_079478.1 24102814 24103442 3 38731970 38732332 color=lorange
NC_079478.1 24194747 24256242 1 13637256 13638610 color=lorange
NC_079478.1 28420864 28594177 3 2566027 2568262 color=lorange
NC_079478.1 28420864 28594177 3 2595328 2599784 color=lorange
NC_079478.1 29127706 29256338 5 15433463 15453540 color=lorange
NC_079478.1 34439073 34442302 1 3077686 3078237 color=lorange
NC_079478.1 35273766 35281236 2 15829952 15833391 color=lorange
NC_079478.1 35314750 35368673 2 19146472 19147087 color=lorange
NC_079478.1 35725193 35727895 2 9035800 9038217 color=lorange
NC_079478.1 35744704 35748618 1 46260775 46263386 color=lorange
NC_079478.1 35986008 36184500 5 32702725 32713614 color=lorange
NC_079478.1 35986008 36184500 5 32730843 32731212 color=lorange
NC_079478.1 36208527 36210347 6 18286808 18293757 color=lorange
NC_079478.1 36312525 36314600 5 31432778 31433382 color=lorange
NC_079478.1 36459729 36466925 4 29641302 29644441 color=lorange
NC_079478.1 36979799 36995990 4 36535810 36538827 color=lorange
NC_079478.1 37231256 37232071 3 39909811 39910678 color=lorange
NC_079478.1 37977352 38034809 3 7431666 7434418 color=lorange
NC_079478.1 38040694 38065874 3 9623210 9623479 color=lorange
NC_079478.1 38108555 38109182 5 35751978 35752381 color=lorange
NC_079478.1 38194070 38201001 3 7391289 7398575 color=lorange
NC_079478.1 38201837 38202665 3 31888948 31889759 color=lorange
NC_079478.1 38203071 38204984 4 38220215 38223183 color=lorange
NC_079478.1 38346579 38384991 5 31421306 31425476 color=lorange
NC_079479.1 79373 82832 6 30338673 30340160 color=lorange
NC_079479.1 83084 106971 6 30278594 30290749 color=lorange
NC_079479.1 83084 106971 6 30331799 30336789 color=lorange
NC_079479.1 367577 369128 3 10530711 10533046 color=lorange
NC_079479.1 733487 743735 1 39903670 39917876 color=lorange
NC_079479.1 792320 814163 6 3752732 3755772 color=lorange
NC_079479.1 1098915 1199761 1 12737615 12747948 color=lorange
NC_079479.1 1098915 1199761 1 12787775 12809951 color=lorange
NC_079479.1 1252206 1378942 6 26051592 26053409 color=lorange
NC_079479.1 1624666 1631688 6 26694765 26696972 color=lorange
NC_079479.1 1641780 1643036 1 32671109 32672166 color=lorange
NC_079479.1 1694969 1696711 5 32240926 32242408 color=lorange
NC_079479.1 1697224 1768754 5 31206395 31207195 color=lorange
NC_079479.1 1862649 1874520 1 47319739 47346592 color=lorange
NC_079479.1 1875299 1881286 9 15140403 15141877 color=lorange
NC_079479.1 1886637 1896979 5 15002178 15005537 color=lorange
NC_079479.1 1924912 1928018 2 7179607 7183154 color=lorange
NC_079479.1 2143363 2228831 6 9854774 9867727 color=lorange
NC_079479.1 2283603 2319745 6 35279978 35284201 color=lorange
NC_079479.1 2328689 2345191 6 36783687 36804383 color=lorange
NC_079479.1 2373041 2374189 6 35156138 35156556 color=lorange
NC_079479.1 2686430 2745804 4 40222302 40231326 color=lorange
NC_079479.1 3067990 3071276 1 38163952 38165658 color=lorange
NC_079479.1 3698533 3741833 8 17801356 17822054 color=lorange
NC_079479.1 4439867 4457696 7 30926533 30939969 color=lorange
NC_079479.1 4649465 4651760 1 10585717 10587403 color=lorange
NC_079479.1 5367539 5367998 8 21993711 21993968 color=lorange
NC_079479.1 5377753 5380315 4 38306827 38308011 color=lorange
NC_079479.1 5897313 6071962 8 27777602 27786496 color=lorange
NC_079479.1 6623244 6627363 4 38376329 38378116 color=lorange
NC_079479.1 7401242 7407542 2 21019343 21022460 color=lorange
NC_079479.1 7424431 7763310 5 34922328 34925039 color=lorange
NC_079479.1 8278795 8287352 5 35474134 35476983 color=lorange
NC_079479.1 9061848 9064441 1 6698628 6702629 color=lorange
NC_079479.1 9351626 9354186 8 3310707 3312456 color=lorange
NC_079479.1 9667637 9688725 4 41028208 41032468 color=lorange
NC_079479.1 10069704 10077672 9 15568009 15571325 color=lorange
NC_079479.1 10427495 10679177 9 17823768 17837406 color=lorange
NC_079479.1 10899233 10900243 1 38771286 38772127 color=lorange
NC_079479.1 11982527 12139746 7 29372010 29391094 color=lorange
NC_079479.1 12227697 12228530 8 26302601 26303042 color=lorange
NC_079479.1 12234711 12252042 8 26309745 26313671 color=lorange
NC_079479.1 12402783 12406228 2 15959696 15960677 color=lorange
NC_079479.1 12822699 12826726 7 18646194 18647186 color=lorange
NC_079479.1 13308200 13309158 8 25264208 25267255 color=lorange
NC_079479.1 14919535 14966282 9 23266580 23270727 color=lorange
NC_079479.1 15646620 15655134 9 8659017 8661328 color=lorange
NC_079479.1 20764188 20764920 8 1878029 1878953 color=lorange
NC_079479.1 20912136 20966705 8 1486001 1499206 color=lorange
NC_079479.1 21637528 21722199 8 26795774 26798154 color=lorange
NC_079479.1 22777533 22846469 6 6697175 6701726 color=lorange
NC_079479.1 23534279 23576905 4 40132665 40135740 color=lorange
NC_079479.1 23746644 23753262 4 40156722 40158673 color=lorange
NC_079479.1 23768152 23769354 8 10485661 10491697 color=lorange
NC_079479.1 24125015 24281104 1 32799050 32809300 color=lorange
NC_079479.1 24125015 24281104 1 32799050 32809258 color=lorange
NC_079479.1 25658713 25665513 8 9432143 9436072 color=lorange
NC_079479.1 25901291 25909456 6 31817951 31823859 color=lorange
NC_079479.1 25964902 25968903 1 15751544 15765563 color=lorange
NC_079479.1 26232551 26307811 6 38707813 38712387 color=lorange
NC_079479.1 26660592 26662372 2 39675537 39680279 color=lorange
NC_079479.1 27127067 27128718 1 4963085 4964215 color=lorange
NC_079479.1 27127067 27128718 8 2126037 2128539 color=lorange
NC_079479.1 27127067 27128718 4 36786240 36788322 color=lorange
NC_079479.1 27195562 27233955 2 20855620 20856155 color=lorange
NC_079479.1 29035392 29043557 3 4419854 4423993 color=lorange
NC_079479.1 29035392 29043557 1 44354941 44358786 color=lorange
NC_079479.1 29644727 29646785 1 35985338 35985864 color=lorange
NC_079479.1 29648314 29649372 4 38801252 38801935 color=lorange
NC_079479.1 30175802 30180324 7 16920270 16935930 color=lorange
NC_079479.1 30175802 30180324 7 16920270 16922397 color=lorange
NC_079479.1 30214996 30225495 1 38977720 38985708 color=lorange
NC_079479.1 30436769 30527636 5 17717437 17733070 color=lorange
NC_079479.1 30436769 30527636 5 17712171 17712509 color=lorange
NC_079479.1 30621059 30624230 4 35869212 35873373 color=lorange
NC_079479.1 30692481 30701169 1 41207806 41218524 color=lorange
NC_079479.1 30702568 30710681 4 835539 844935 color=lorange
NC_079479.1 30702568 30710681 X 513535 516125 color=lorange
NC_079479.1 31004925 31009991 1 47311887 47313617 color=lorange
NC_079479.1 31021227 31023953 3 1650448 1652750 color=lorange
NC_079479.1 31038248 31176094 3 23417341 23421932 color=lorange
NC_079479.1 31362200 31433743 4 26662076 26669162 color=lorange
NC_079479.1 32313409 32357418 7 7606205 7608002 color=lorange
NC_079479.1 33396207 33399958 2 40749405 40752452 color=lorange
NC_079479.1 34565568 34568026 2 7170753 7178693 color=lorange
NC_079479.1 35197085 35216657 8 11088998 11095035 color=lorange
NC_079479.1 35257123 35260742 8 11154143 11154589 color=lorange
NC_079479.1 35342602 35347276 2 9399216 9401764 color=lorange
NC_079479.1 35743658 35753754 3 41328735 41333333 color=lorange
NC_079479.1 35869035 35873670 6 29072881 29077539 color=lorange
NC_079479.1 36000669 36039086 2 43278491 43281921 color=lorange
NC_079479.1 36098579 36102826 2 43107102 43108181 color=lorange
NC_079479.1 36109405 36112093 2 43061362 43066895 color=lorange
NC_079479.1 36112612 36136111 2 43030863 43049408 color=lorange
NC_079479.1 36138819 36154640 4 7920684 7923240 color=lorange
NC_079479.1 36138819 36154640 4 7920684 7921935 color=lorange
NC_079479.1 36636589 36642943 2 5149447 5150937 color=lorange
NC_079479.1 36651671 36697224 2 5045363 5050590 color=lorange
NC_079480.1 496534 520781 8 27410811 27422093 color=lorange
NC_079480.1 496534 520781 8 27410633 27422093 color=lorange
NC_079480.1 724178 730789 6 8383916 8405590 color=lorange
NC_079480.1 1505976 1506866 6 18220973 18226371 color=lorange
NC_079480.1 1573445 1588765 6 432093 434000 color=lorange
NC_079480.1 1753346 1789246 3 2847190 2849241 color=lorange
NC_079480.1 2095829 2202600 8 24464868 24479424 color=lorange
NC_079480.1 2095829 2202600 8 24494795 24497003 color=lorange
NC_079480.1 2587255 2725541 7 28877981 28881925 color=lorange
NC_079480.1 2587255 2725541 7 28911907 28916073 color=lorange
NC_079480.1 2587255 2725541 7 28962857 28972518 color=lorange
NC_079480.1 3180818 3187738 6 31358102 31363034 color=lorange
NC_079480.1 3359389 3716332 3 25063804 25066882 color=lorange
NC_079480.1 4162801 4351142 3 24448877 24460872 color=lorange
NC_079480.1 4356499 4358108 3 24660398 24661884 color=lorange
NC_079480.1 4358879 4361529 3 24668771 24669501 color=lorange
NC_079480.1 4365070 4366556 5 15679254 15684957 color=lorange
NC_079480.1 5291446 5291995 1 2526272 2526475 color=lorange
NC_079480.1 5909135 5912739 1 30259125 30262103 color=lorange
NC_079480.1 5970690 5975891 1 13283934 13288296 color=lorange
NC_079480.1 6584327 6594130 6 6840075 6843838 color=lorange
NC_079480.1 9622636 9625966 6 20760008 20760875 color=lorange
NC_079480.1 10792351 10808896 7 29177989 29179429 color=lorange
NC_079480.1 10826027 11007256 7 29191520 29202967 color=lorange
NC_079480.1 11111603 11267990 5 1152922 1156164 color=lorange
NC_079480.1 11699176 11703508 5 32046001 32047545 color=lorange
NC_079480.1 12196472 12203515 1 14723531 14728274 color=lorange
NC_079480.1 12766178 12932359 1 27824007 27827526 color=lorange
NC_079480.1 13680460 13716745 1 45079306 45083326 color=lorange
NC_079480.1 14086936 14103072 7 32593524 32601897 color=lorange
NC_079480.1 14086936 14103072 7 32593524 32600283 color=lorange
NC_079480.1 14537940 14542944 4 33969365 33974334 color=lorange
NC_079480.1 14821355 14949868 6 20625081 20626310 color=lorange
NC_079480.1 15472982 15578503 1 19378565 19382664 color=lorange
NC_079480.1 15640571 15653292 4 22375123 22387944 color=lorange
NC_079480.1 17660225 17739756 2 12140073 12142962 color=lorange
NC_079480.1 18201998 18328117 3 32459937 32464269 color=lorange
NC_079480.1 18729655 19146502 8 18051349 18052056 color=lorange
NC_079480.1 18729655 19146502 8 18190946 18197583 color=lorange
NC_079480.1 18729655 19146502 8 18435505 18438749 color=lorange
NC_079480.1 19267757 19276690 8 18564102 18573480 color=lorange
NC_079480.1 22429382 22439224 2 37747653 37758234 color=lorange
NC_079480.1 22457017 22461459 1 39130686 39133518 color=lorange
NC_079480.1 22533639 22536196 9 22015332 22016903 color=lorange
NC_079480.1 22552124 22567270 9 25588600 25593502 color=lorange
NC_079480.1 22678350 22690668 2 29049071 29050986 color=lorange
NC_079480.1 22720070 22723476 2 39364297 39368789 color=lorange
NC_079480.1 23252383 23262140 9 9642651 9647710 color=lorange
NC_079480.1 24005491 24049158 1 41322881 41328659 color=lorange
NC_079480.1 24602387 24603113 3 8855920 8857395 color=lorange
NC_079480.1 29284108 29301223 4 15360864 15368437 color=lorange
NC_079480.1 29537509 29541125 1 10686970 10698111 color=lorange
NC_079480.1 29537509 29541125 8 13728810 13733757 color=lorange
NC_079480.1 29537509 29541125 8 13738918 13744197 color=lorange
NC_079480.1 31539381 31570956 5 27186895 27212034 color=lorange
NC_079480.1 32203605 32321133 3 10379614 10403977 color=lorange
NC_079480.1 33286496 33292521 8 19790167 19794980 color=lorange
NC_079480.1 33315633 33347216 2 9449856 9451287 color=lorange
NC_079480.1 33453064 33458480 1 20030930 20043010 color=lorange
NC_079481.1 62891 66946 3 13817659 13824553 color=lorange
NC_079481.1 868246 881920 5 16549640 16552299 color=lorange
NC_079481.1 1333347 1351112 3 3526320 3535841 color=lorange
NC_079481.1 1365850 1366736 3 3503666 3504400 color=lorange
NC_079481.1 5041344 5042437 3 37520768 37521563 color=lorange
NC_079481.1 6161892 6164109 6 31405011 31423389 color=lorange
NC_079481.1 7015072 7019293 4 8884123 8886553 color=lorange
NC_079481.1 7120648 7121360 4 1952347 1952733 color=lorange
NC_079481.1 7120648 7121360 1 1294944 1296065 color=lorange
NC_079481.1 7120648 7121360 9 5519571 5521856 color=lorange
NC_079481.1 7120648 7121360 9 5519571 5521856 color=lorange
NC_079481.1 7120648 7121360 9 5519571 5521856 color=lorange
NC_079481.1 7120648 7121360 9 5519571 5521856 color=lorange
NC_079481.1 7120648 7121360 9 5519571 5521856 color=lorange
NC_079481.1 7120648 7121360 9 5519571 5521856 color=lorange
NC_079481.1 7120648 7121360 9 5519571 5521856 color=lorange
NC_079481.1 7120648 7121360 9 5519571 5521856 color=lorange
NC_079481.1 7120648 7121360 9 5519571 5521856 color=lorange
NC_079481.1 7120648 7121360 9 5519571 5521856 color=lorange
NC_079481.1 7175702 7179381 9 1395674 1399856 color=lorange
NC_079481.1 7789150 7995289 8 11630321 11630674 color=lorange
NC_079481.1 8781392 8782176 5 32341662 32343691 color=lorange
NC_079481.1 8807321 8810586 4 41023155 41027525 color=lorange
NC_079481.1 8824197 8828219 5 23492362 23497222 color=lorange
NC_079481.1 9024751 9077206 2 2891793 2903873 color=lorange
NC_079481.1 9842872 9857226 8 13717236 13726760 color=lorange
NC_079481.1 9842872 9857226 8 13728810 13733757 color=lorange
NC_079481.1 9842872 9857226 8 13738918 13744197 color=lorange
NC_079481.1 9872106 9877888 8 13728810 13733757 color=lorange
NC_079481.1 9872106 9877888 8 13738918 13744197 color=lorange
NC_079481.1 9872106 9877888 1 10686970 10698111 color=lorange
NC_079481.1 9872106 9877888 8 13717236 13726760 color=lorange
NC_079481.1 9959385 9962950 1 45884932 45893338 color=lorange
NC_079481.1 10064696 10103622 8 1668035 1671621 color=lorange
NC_079481.1 10364865 10522112 9 6168583 6171094 color=lorange
NC_079481.1 10736414 10755527 7 31098275 31103375 color=lorange
NC_079481.1 11541910 11549312 8 9228627 9229721 color=lorange
NC_079481.1 11753410 11767135 7 33035517 33035716 color=lorange
NC_079481.1 16471657 16477622 8 9493916 9495884 color=lorange
NC_079481.1 19293249 19506799 5 30047002 30048696 color=lorange
NC_079481.1 19949691 19970641 4 23713731 23723678 color=lorange
NC_079481.1 20752785 20776805 4 39373831 39378416 color=lorange
NC_079481.1 21433790 21486389 3 18133927 18153354 color=lorange
NC_079481.1 23674954 23714028 4 23760876 23769450 color=lorange
NC_079481.1 27833542 27922238 3 12788912 12807431 color=lorange
NC_079481.1 27951769 28046453 3 12725839 12729747 color=lorange
NC_079481.1 28173518 28289780 3 30798746 30802216 color=lorange
NC_079481.1 28718577 28738556 8 27954079 27967349 color=lorange
NC_079481.1 28750298 28751780 8 25511724 25513079 color=lorange
NC_079481.1 29094943 29100023 3 2112685 2113763 color=lorange
NC_079481.1 29094943 29100023 3 2112685 2115277 color=lorange
NC_079481.1 29278692 29343748 5 13693140 13698551 color=lorange
NC_079481.1 29835943 29838097 1 1294944 1296065 color=lorange
NC_079481.1 29835943 29838097 4 1952347 1952733 color=lorange
NC_079481.1 29835943 29838097 9 5519571 5521856 color=lorange
NC_079481.1 29835943 29838097 9 5519571 5521856 color=lorange
NC_079481.1 29835943 29838097 9 5519571 5521856 color=lorange
NC_079481.1 29835943 29838097 9 5519571 5521856 color=lorange
NC_079481.1 29835943 29838097 9 5519571 5521856 color=lorange
NC_079481.1 29835943 29838097 9 5519571 5521856 color=lorange
NC_079481.1 29835943 29838097 9 5519571 5521856 color=lorange
NC_079481.1 29835943 29838097 9 5519571 5521856 color=lorange
NC_079481.1 29835943 29838097 9 5519571 5521856 color=lorange
NC_079481.1 29835943 29838097 9 5519571 5521856 color=lorange
NC_079481.1 29835963 29837200 1 1293161 1293940 color=lorange
NC_079481.1 30435188 30437365 3 31212019 31216933 color=lorange
NC_079481.1 30958524 30963706 3 11633150 11634488 color=lorange
NC_079481.1 31230089 31289837 4 14023648 14024562 color=lorange
NC_079481.1 31320649 31347087 4 13918044 13924115 color=lorange
NC_079481.1 31798161 31804674 9 21075656 21086987 color=lorange
NC_079481.1 32412750 32462458 5 26642097 26645581 color=lorange
NC_079481.1 32412750 32462458 5 26590621 26590878 color=lorange
NC_079481.1 32569655 32583609 1 43594014 43599996 color=lorange
NC_079482.1 563046 569922 5 36166120 36169488 color=lorange
NC_079482.1 1747795 1838812 6 20998055 21004725 color=lorange
NC_079482.1 2009856 2011570 7 26301841 26305411 color=lorange
NC_079482.1 2011935 2018404 7 18797571 18808638 color=lorange
NC_079482.1 2202770 2218701 7 21980761 21983872 color=lorange
NC_079482.1 2374211 2378745 7 24726403 24732823 color=lorange
NC_079482.1 2467318 2472131 3 1959597 1962974 color=lorange
NC_079482.1 2525624 2529070 3 27760890 27768017 color=lorange
NC_079482.1 2844839 3442063 2 19881423 19895897 color=lorange
NC_079482.1 4394161 4395376 3 37490633 37492402 color=lorange
NC_079482.1 4396668 4401751 3 37712412 37717104 color=lorange
NC_079482.1 6072591 6082597 7 34505021 34506584 color=lorange
NC_079482.1 7337076 7342934 7 19769654 19771581 color=lorange
NC_079482.1 7553936 7559357 6 36019149 36019649 color=lorange
NC_079482.1 8544071 8627707 2 14358861 14370618 color=lorange
NC_079482.1 8692789 8727925 7 8709121 8709620 color=lorange
NC_079482.1 8728160 8730575 3 6257855 6259127 color=lorange
NC_079482.1 11661584 11662906 6 12707161 12741630 color=lorange
NC_079482.1 12238432 12239529 6 12707161 12741630 color=lorange
NC_079482.1 12296876 12297727 6 12707161 12741630 color=lorange
NC_079482.1 12397665 12400285 4 36786240 36788322 color=lorange
NC_079482.1 12397665 12400285 1 4963085 4964215 color=lorange
NC_079482.1 12397665 12400285 8 2126037 2128539 color=lorange
NC_079482.1 13564611 13814562 1 37849255 37856963 color=lorange
NC_079482.1 14184254 14185235 2 33225568 33226314 color=lorange
NC_079482.1 17960796 17962793 6 36035112 36037247 color=lorange
NC_079482.1 18576674 18970093 8 23979506 24000025 color=lorange
NC_079482.1 19760570 19768457 7 11096104 11102755 color=lorange
NC_079482.1 19900567 19902132 5 23768383 23775471 color=lorange
NC_079482.1 21532448 21674217 9 6637892 6661024 color=lorange
NC_079482.1 23548708 24061685 3 3833131 3834082 color=lorange
NC_079482.1 23548708 24061685 3 4262468 4264510 color=lorange
NC_079482.1 23548708 24061685 3 4243968 4245200 color=lorange
NC_079482.1 24133915 24161609 3 4335857 4360458 color=lorange
NC_079482.1 24318320 24440005 2 4693425 4697299 color=lorange
NC_079482.1 24599063 24606875 2 12262290 12265569 color=lorange
NC_079482.1 25417049 25422222 6 9014451 9017327 color=lorange
NC_079482.1 25425542 25426072 7 18421944 18424515 color=lorange
NC_079482.1 25566552 25567750 6 10500141 10501838 color=lorange
NC_079482.1 25626313 25627461 8 277281 277739 color=lorange
NC_079482.1 25721279 25725348 8 25641200 25645706 color=lorange
NC_079483.1 2597390 2616596 6 21772144 21780888 color=lorange
NC_079483.1 3618587 3631538 2 42859742 42863109 color=lorange
NC_079483.1 3636224 3640088 6 6722737 6727850 color=lorange
NC_079483.1 4155305 4173394 3 39911131 39914679 color=lorange
NC_079483.1 4360597 4365897 3 31400833 31401891 color=lorange
NC_079483.1 4445542 4448309 5 34775594 34783576 color=lorange
NC_079483.1 4687589 4701917 7 10546527 10549638 color=lorange
NC_079483.1 4737137 4976511 7 10809668 10818740 color=lorange
NC_079483.1 5278258 5283853 2 13845276 13846451 color=lorange
NC_079483.1 5283836 5285164 3 26345605 26347798 color=lorange
NC_079483.1 5364397 5365530 9 23511761 23512669 color=lorange
NC_079483.1 5365750 5375666 9 23508092 23510755 color=lorange
NC_079483.1 5932208 5975759 4 21871735 21877066 color=lorange
NC_079483.1 6108817 6123395 4 22025166 22027515 color=lorange
NC_079483.1 6343103 6344072 5 32243233 32244305 color=lorange
NC_079483.1 6443089 6444425 2 41276270 41278316 color=lorange
NC_079483.1 6444504 6455504 8 12220124 12222543 color=lorange
NC_079483.1 6444504 6455504 8 12220124 12222540 color=lorange
NC_079483.1 6488565 6491826 5 10083480 10086755 color=lorange
NC_079483.1 7619618 7634949 8 8896986 8904492 color=lorange
NC_079483.1 7913390 7916102 1 41949916 41951601 color=lorange
NC_079483.1 7934570 7941386 1 41759859 41760435 color=lorange
NC_079483.1 8000529 8007505 4 36548308 36552173 color=lorange
NC_079483.1 8040462 8044263 4 36543815 36546682 color=lorange
NC_079483.1 8044601 8045473 4 35469241 35470108 color=lorange
NC_079483.1 8241101 8242765 2 15898372 15905835 color=lorange
NC_079483.1 8257960 8261245 2 15923297 15927238 color=lorange
NC_079483.1 8263065 8282824 1 28958568 28960072 color=lorange
NC_079483.1 8395603 8404595 4 28798819 28802735 color=lorange
NC_079483.1 8923059 8970549 1 40409653 40413325 color=lorange
NC_079483.1 8923059 8970549 1 40384975 40386866 color=lorange
NC_079483.1 9485351 9495137 3 2723179 2729296 color=lorange
NC_079483.1 9848562 9853293 7 20397114 20397380 color=lorange
NC_079483.1 9982605 10103942 3 32189240 32195980 color=lorange
NC_079483.1 10927097 11139566 3 40034178 40036399 color=lorange
NC_079483.1 11366191 11369913 5 1378931 1380872 color=lorange
NC_079483.1 11958098 11963670 9 5519571 5521856 color=lorange
NC_079483.1 11958098 11963670 9 5519571 5521856 color=lorange
NC_079483.1 11958098 11963670 9 5519571 5521856 color=lorange
NC_079483.1 11958098 11963670 4 1952347 1952733 color=lorange
NC_079483.1 11958098 11963670 4 1952347 1952733 color=lorange
NC_079483.1 11958098 11963670 4 1952347 1952733 color=lorange
NC_079483.1 11958098 11963670 4 1952347 1952733 color=lorange
NC_079483.1 11958098 11963670 4 1952347 1952733 color=lorange
NC_079483.1 11958098 11963670 4 1952347 1952733 color=lorange
NC_079483.1 11958098 11963670 4 1952347 1952733 color=lorange
NC_079483.1 11958098 11963670 4 1952347 1952733 color=lorange
NC_079483.1 11958098 11963670 4 1952347 1952733 color=lorange
NC_079483.1 11958098 11963670 4 1952347 1952733 color=lorange
NC_079483.1 11958098 11963670 4 1952347 1952733 color=lorange
NC_079483.1 11958098 11963670 4 1952347 1952733 color=lorange
NC_079483.1 11958098 11963670 1 1294944 1296065 color=lorange
NC_079483.1 11958098 11963670 1 1294944 1296065 color=lorange
NC_079483.1 11958098 11963670 1 1294944 1296065 color=lorange
NC_079483.1 11958098 11963670 1 1294944 1296065 color=lorange
NC_079483.1 11958098 11963670 1 1294944 1296065 color=lorange
NC_079483.1 11958098 11963670 1 1294944 1296065 color=lorange
NC_079483.1 11958098 11963670 1 1294944 1296065 color=lorange
NC_079483.1 11958098 11963670 1 1294944 1296065 color=lorange
NC_079483.1 11958098 11963670 1 1294944 1296065 color=lorange
NC_079483.1 11958098 11963670 1 1294944 1296065 color=lorange
NC_079483.1 11958098 11963670 1 1294944 1296065 color=lorange
NC_079483.1 11958098 11963670 1 1294944 1296065 color=lorange
NC_079483.1 11964288 11979781 4 23488067 23488309 color=lorange
NC_079483.1 12619989 12647937 2 4100068 4102616 color=lorange
NC_079483.1 13905594 13909182 1 29456760 29458992 color=lorange
NC_079483.1 15197374 15203628 2 34844240 34847668 color=lorange
NC_079483.1 15197374 15203628 2 34844240 34847599 color=lorange
NC_079483.1 15963158 15964883 8 21117091 21118661 color=lorange
NC_079483.1 15967057 15968626 2 18598832 18599374 color=lorange
NC_079483.1 16163709 16167599 9 25932220 25935260 color=lorange
NC_079483.1 16423029 16424877 2 7020119 7021660 color=lorange
NC_079483.1 16458161 16464042 5 7907441 7912050 color=lorange
NC_079483.1 17028028 17132617 3 1218455 1237320 color=lorange
NC_079483.1 17028028 17132617 3 1251215 1254619 color=lorange
NC_079483.1 17254722 17255093 3 31936224 31937956 color=lorange
NC_079483.1 17406787 17409848 1 19321903 19323258 color=lorange
NC_079483.1 17415264 17418282 5 31036891 31039892 color=lorange
NC_079483.1 17415264 17418282 5 31036891 31039546 color=lorange
NC_079483.1 17986294 17988956 7 32837198 32840889 color=lorange
NC_079483.1 18540949 18544936 2 4951956 4954622 color=lorange
NC_079483.1 18921189 18926745 9 23835558 23835770 color=lorange
NC_079483.1 19040922 19070555 2 13794854 13804169 color=lorange
NC_079483.1 19040922 19070555 2 13822840 13830565 color=lorange
NC_079483.1 19665921 19673994 8 24404257 24407732 color=lorange
NC_079483.1 19682000 19976930 2 28160470 28170539 color=lorange
NC_079483.1 20118381 20174992 4 29114086 29126669 color=lorange
NC_079483.1 20443924 20452831 9 16886028 16892009 color=lorange
NC_079483.1 20454721 20475376 9 16865633 16881668 color=lorange
NC_079483.1 21704490 21704904 1 41949916 41951601 color=lorange
NC_079483.1 22533841 22534251 1 41949916 41951601 color=lorange
NC_079483.1 22535837 22536211 5 4126189 4126967 color=lorange
NC_079483.1 24826774 24827956 1 41949916 41951601 color=lorange
NC_079484.1 336020 492836 4 2331449 2343848 color=lorange
NC_079484.1 497552 562116 4 2314928 2315212 color=lorange
NC_079484.1 720110 723077 3 2718202 2721687 color=lorange
NC_079484.1 842941 844833 6 10333290 10334609 color=lorange
NC_079484.1 1077264 1083056 3 10726066 10727720 color=lorange
NC_079484.1 1104616 1105176 3 35294904 35299921 color=lorange
NC_079484.1 1535810 1536149 4 1521349 1522392 color=lorange
NC_079484.1 1621194 1670211 9 25530843 25553689 color=lorange
NC_079484.1 2127291 2135244 1 35643119 35651126 color=lorange
NC_079484.1 2587014 2591243 8 12364011 12366710 color=lorange
NC_079484.1 2978613 3135270 4 24336714 24347042 color=lorange
NC_079484.1 2978613 3135270 4 24358592 24370753 color=lorange
NC_079484.1 3525143 3529298 5 1270448 1274970 color=lorange
NC_079484.1 4265754 4289307 2 7574733 7579376 color=lorange
NC_079484.1 4310375 4321819 2 7508041 7511750 color=lorange
NC_079484.1 4322182 4327587 2 7514748 7519198 color=lorange
NC_079484.1 4562300 4563920 5 10708537 10710971 color=lorange
NC_079484.1 4939982 5263866 5 30670115 30677815 color=lorange
NC_079484.1 6600156 6605678 4 36204693 36206309 color=lorange
NC_079484.1 7297109 7305421 4 3035144 3040471 color=lorange
NC_079484.1 7783590 8831701 2 18548922 18557297 color=lorange
NC_079484.1 8831828 8919038 2 18565704 18576872 color=lorange
NC_079484.1 8977184 9160377 2 18699774 18701393 color=lorange
NC_079484.1 9757450 9761152 7 1955962 1957879 color=lorange
NC_079484.1 10932076 11072099 9 6106483 6124133 color=lorange
NC_079484.1 11443475 11846272 2 3526050 3535312 color=lorange
NC_079484.1 12002746 12007435 4 12317342 12319016 color=lorange
NC_079484.1 12509756 12533981 4 14072905 14075261 color=lorange
NC_079484.1 16383833 16384358 1 41949916 41951601 color=lorange
NC_079485.1 296521 343047 3 36823361 36826563 color=acen
NC_079485.1 418118 421267 2 11766647 11772304 color=acen
NC_079485.1 743807 750051 2 9027481 9034725 color=acen
NC_079485.1 1095331 1106859 4 11197280 11200913 color=acen
NC_079485.1 1259702 1262762 9 24932334 24940190 color=acen
NC_079485.1 1278515 1282597 4 10823482 10826313 color=acen
NC_079485.1 1282850 1289236 4 5834584 5837934 color=acen
NC_079485.1 1282850 1289236 4 5838248 5844814 color=acen
NC_079485.1 1871867 1885306 2 1927177 1937608 color=acen
NC_079485.1 3384376 3406784 2 15221611 15221874 color=acen
NC_079485.1 3452941 3535748 2 15109127 15113120 color=acen
NC_079485.1 3452941 3535748 2 15221611 15221874 color=acen
NC_079485.1 7276590 7280452 2 13483306 13484602 color=acen
NC_079485.1 7423620 7445966 X 20833944 20844667 color=acen
NC_079485.1 7592952 7605108 X 20772590 20776651 color=acen
NC_079485.1 8418536 8537311 X 4167639 4172114 color=acen
NC_079485.1 8418536 8537311 X 4196955 4205739 color=acen
NC_079485.1 8573257 8656155 X 16237318 16258880 color=acen
NC_079485.1 8573257 8656155 X 16237318 16258880 color=acen
NC_079485.1 8573257 8656155 X 16237318 16240204 color=acen
NC_079485.1 8966773 8968959 X 15130183 15134178 color=acen
NC_079485.1 8972801 8975122 X 820581 821537 color=acen
NC_079485.1 8972801 8975122 X 820593 821537 color=acen
NC_079485.1 9481142 9491648 X 21758452 21769019 color=acen
NC_079485.1 10294919 10338200 X 2306977 2309983 color=acen
NC_079485.1 12503222 12599702 X 1364091 1406202 color=acen
NC_079485.1 12686746 12797598 X 1582413 1615577 color=acen
NC_079485.1 12686746 12797598 X 1496903 1497139 color=acen
NC_079485.1 13232555 13233673 4 21597924 21604286 color=acen
NC_079485.1 13889768 14042259 4 9825391 9828973 color=acen
NC_079485.1 14547183 14548378 9 5519571 5521856 color=acen
NC_079485.1 14547183 14548378 9 5519571 5521856 color=acen
NC_079485.1 14547183 14548378 9 5519571 5521856 color=acen
NC_079485.1 14547183 14548378 9 5519571 5521856 color=acen
NC_079485.1 14547183 14548378 9 5519571 5521856 color=acen
NC_079485.1 14547183 14548378 9 5519571 5521856 color=acen
NC_079485.1 14547183 14548378 9 5519571 5521856 color=acen
NC_079485.1 14547183 14548378 9 5519571 5521856 color=acen
NC_079485.1 14547183 14548378 4 1952347 1952733 color=acen
NC_079485.1 14547183 14548378 4 1952347 1952733 color=acen
NC_079485.1 14547183 14548378 4 1952347 1952733 color=acen
NC_079485.1 14547183 14548378 1 1294944 1296065 color=acen
NC_079485.1 14547183 14548378 1 1294944 1296065 color=acen
NC_079485.1 14547183 14548378 1 1294944 1296065 color=acen
NC_079485.1 14569533 14576032 4 1620685 1623900 color=acen
NC_079485.1 15238880 15248705 8 26338504 26339094 color=acen
NC_079485.1 16505029 16507534 2 41642657 41643214 color=acen
NC_079485.1 16526140 16609848 7 20232041 20244786 color=acen
NC_079485.1 19087040 19101605 X 2745043 2751297 color=acen
NC_079485.1 19087040 19101605 X 2745043 2748759 color=acen
NC_079485.1 19087040 19101605 X 2749518 2751297 color=acen
NC_079485.1 19103001 19169554 X 2715792 2723800 color=acen
NC_079485.1 19103001 19169554 X 2701059 2708068 color=acen
NC_079485.1 19284370 19850379 X 724985 727111 color=acen
NC_079485.1 20151455 20175879 X 18805357 18809129 color=acen
NC_079485.1 21130926 21256643 X 3951556 3966202 color=acen
NC_079485.1 21130926 21256643 X 3875246 3878308 color=acen
NC_079485.1 21586577 21608875 X 21523169 21541077 color=acen
NC_079485.1 21624890 21669244 X 21475392 21495764 color=acen
NC_079485.1 21672543 21691644 X 14356064 14366317 color=acen
NC_079485.1 22218957 22286816 X 19850158 19852351 color=acen
NC_079485.1 22782336 22850852 X 2570661 2571244 color=acen
NC_079485.1 25409163 25433647 X 5822967 5825620 color=acen
NC_079485.1 25409163 25433647 X 5818729 5822839 color=acen
NC_079485.1 25597332 25600116 X 7084660 7085517 color=acen
NC_079485.1 25605379 25611225 X 4826211 4832353 color=acen
NC_079485.1 25739736 25851347 X 2128109 2146244 color=acen
NC_079485.1 25739736 25851347 X 2128109 2134582 color=acen
NC_079485.1 25853232 25874509 X 16808299 16809641 color=acen
NC_079485.1 25883639 25993089 X 1096876 1097295 color=acen
NC_079485.1 27531646 27537522 X 15235409 15237211 color=acen
NC_079485.1 27605086 27606345 X 6998643 6999194 color=acen
NC_079485.1 27607277 27748472 X 7003185 7003655 color=acen
NC_079485.1 28098483 28109874 X 2116202 2118791 color=acen
NC_079485.1 28308796 28319677 X 20904013 20909893 color=acen
NC_079485.1 28324799 28359559 X 5122839 5134397 color=acen
NC_079485.1 28574546 28677150 X 18770130 18774914 color=acen
NC_079485.1 28683181 28693285 X 21561438 21568615 color=acen
NC_079485.1 28699621 28720606 X 14090573 14116985 color=acen
NC_079485.1 28720878 28733402 X 19519041 19524518 color=acen
NC_079485.1 29714021 29716548 X 513535 516125 color=acen
NC_079485.1 29714021 29716548 4 835539 844935 color=acen
NC_079485.1 29719316 29726674 X 20851363 20851890 color=acen
NC_079485.1 29740324 29742931 X 16190532 16193253 color=acen
NC_079485.1 30249428 30337607 X 4984928 4990289 color=acen
NC_079485.1 30509191 30514821 X 6291788 6295221 color=acen
NC_079485.1 30581763 30583812 X 3971816 3976480 color=acen
NC_079485.1 30585802 30592923 X 158386 163545 color=acen
NC_079485.1 30594698 30598215 X 21558175 21559751 color=acen
NC_079485.1 30624121 30637070 X 16147451 16147882 color=acen
NC_079485.1 30828464 30830045 X 16270841 16271386 color=acen
NC_079485.1 31284014 31333551 X 16412070 16413996 color=acen
NC_079485.1 31339978 31354883 X 16751093 16755963 color=acen
NC_079485.1 32544780 32549902 X 2230242 2232775 color=acen
NC_079485.1 32824979 32831765 X 15686714 15690577 color=acen
NC_079485.1 33679218 33682402 1 16147338 16147547 color=acen
NC_079485.1 33705745 33711283 X 19558039 19560017 color=acen
NC_079485.1 34002515 34024131 X 5720738 5724749 color=acen
NC_079485.1 34257614 34345625 X 16918997 16934444 color=acen
NC_079485.1 34521952 34546424 X 6423055 6431050 color=acen
NC_079485.1 34558677 34572123 X 2272147 2275480 color=acen
NC_079485.1 35034841 35043502 X 855838 859311 color=acen
NC_079485.1 35786513 35803118 X 4819247 4821198 color=acen
NC_079485.1 35931910 35937631 X 14894311 14899657 color=acen
NC_079485.1 36405580 36476045 X 789771 798377 color=acen
NC_079485.1 36655040 36672835 9 3477174 3484107 color=acen
NC_079485.1 36676349 36690855 X 21639061 21647089 color=acen
NC_079485.1 36676349 36690855 5 16498093 16509751 color=acen
NC_079485.1 37489043 37500596 X 574643 575098 color=acen
NC_079485.1 37513020 37570988 X 531650 560971 color=acen
NC_079485.1 37647502 37661092 X 4300242 4317469 color=acen
NC_079485.1 37664459 37675682 X 18792329 18796291 color=acen
NC_079485.1 37693055 37749827 X 3762772 3772419 color=acen
NC_079485.1 37766022 37866623 X 2765856 2796114 color=acen
NC_079485.1 38040521 38054091 X 7145392 7161876 color=acen
NC_079485.1 38712853 38767155 2 13871831 13900863 color=acen
NC_079485.1 38773733 38780664 2 13863836 13867261 color=acen
NC_079485.1 38914115 38914638 4 15088509 15088754 color=acen
NC_079485.1 39752901 39757194 9 15194629 15196801 color=acen
NC_079485.1 39786938 39794081 3 10520315 10529350 color=acen
NC_079485.1 40596903 40602501 3 18538961 18546248 color=acen
NW_026614065.1 9123 18065 8 8122022 8130168 color=lorange
NW_026614163.1 2922 10426 8 27410811 27422093 color=lorange
NW_026614163.1 2922 10426 8 27410633 27422093 color=lorange
