3 34886056 34889040 CAVLJG010000566.1 17870 57458 color=mygreen
3 34886056 34889040 CAVLJG010000566.1 17870 57458 color=mygreen
3 34886056 34889040 CAVLJG010000233.1 44594 58380 color=mygreen
3 34886056 34889040 CAVLJG010000233.1 44594 58380 color=mygreen
3 34886056 34889040 CAVLJG010000233.1 44594 58380 color=mygreen
3 34886056 34889040 CAVLJG010002896.1 190280 256300 color=mygreen
3 34886056 34889040 CAVLJG010002896.1 190280 256300 color=mygreen
3 34886056 34889040 CAVLJG010002896.1 190280 256300 color=mygreen
3 34886056 34889040 CAVLJG010002896.1 190280 256300 color=mygreen
3 34886056 34889040 CAVLJG010002896.1 190280 256300 color=mygreen
