Y 115845 116108 1 218322 218585 color=myblue
Y 115845 116108 1 29769451 29769714 color=myblue
Y 115845 116108 3 25524381 25524644 color=myblue
7 326456 326773 1 234538 234855 color=mygreen
7 326456 326773 X 22678014 22678331 color=mygreen
9 13877356 13878077 1 1659600 1660154 color=mygreen
9 13877356 13878077 1 11894919 11895473 color=mygreen
9 13877356 13878077 1 11896689 11897243 color=mygreen
9 13877356 13878077 1 27855932 27856486 color=mygreen
9 13877356 13878077 1 27858438 27858992 color=mygreen
9 13877356 13878077 1 39728940 39729494 color=mygreen
9 13877356 13878077 1 39733235 39733789 color=mygreen
9 13877356 13878077 1 45242081 45242635 color=mygreen
9 13877356 13878077 8 3104732 3105310 color=mygreen
9 13877356 13878077 8 11112270 11112824 color=mygreen
9 13877356 13878077 8 13947276 13947830 color=mygreen
9 13877356 13878077 8 18756886 18757440 color=mygreen
9 13877356 13878077 4 707575 708129 color=mygreen
9 13877356 13878077 4 903687 904241 color=mygreen
9 13877356 13878077 4 5274503 5275057 color=mygreen
9 13877356 13878077 4 5276051 5276605 color=mygreen
9 13877356 13878077 4 9373053 9373607 color=mygreen
9 13877356 13878077 4 10910925 10911479 color=mygreen
9 13877356 13878077 4 13572785 13573339 color=mygreen
9 13877356 13878077 X 13346009 13346563 color=mygreen
9 13877356 13878077 2 1892337 1892891 color=mygreen
9 13877356 13878077 2 7078987 7079541 color=mygreen
9 13877356 13878077 2 8046692 8047246 color=mygreen
9 13877356 13878077 2 27888021 27888575 color=mygreen
9 13877356 13878077 2 27889966 27890520 color=mygreen
9 13877356 13878077 2 33601283 33601837 color=mygreen
9 13877356 13878077 2 33603927 33604481 color=mygreen
9 13877356 13878077 2 33608622 33609176 color=mygreen
9 13877356 13878077 2 33916745 33917299 color=mygreen
9 13877356 13878077 2 37921501 37922055 color=mygreen
9 13877356 13878077 9 34444 34998 color=mygreen
9 13877356 13878077 9 35435 35989 color=mygreen
9 13877356 13878077 9 12172805 12173359 color=mygreen
9 13877356 13878077 9 12175382 12175936 color=mygreen
9 13877356 13878077 9 13598661 13599215 color=mygreen
9 13877356 13878077 9 13601236 13601790 color=mygreen
9 13877356 13878077 9 13655998 13656552 color=mygreen
9 13877356 13878077 9 13658575 13659129 color=mygreen
9 13877356 13878077 9 15307808 15308362 color=mygreen
9 13877356 13878077 9 15689925 15690479 color=mygreen
9 13877356 13878077 7 6365824 6366378 color=mygreen
9 13877356 13878077 7 6367525 6368079 color=mygreen
9 13877356 13878077 7 8949182 8949736 color=mygreen
9 13877356 13878077 3 7396003 7396557 color=mygreen
9 13877356 13878077 3 23583157 23583711 color=mygreen
9 13877356 13878077 3 26437783 26438337 color=mygreen
9 13877356 13878077 6 26964627 26965181 color=mygreen
9 13877356 13878077 5 4414001 4421947 color=mygreen
9 13877356 13878077 5 8648197 8648751 color=mygreen
9 13877356 13878077 5 8649493 8650047 color=mygreen
9 13877356 13878077 5 23227346 23227900 color=mygreen
9 13877356 13878077 5 25636481 25637035 color=mygreen
9 13877356 13878077 5 31161387 31161941 color=mygreen
9 13877356 13878077 5 36222884 36223438 color=mygreen
7 287859 288944 1 14219407 14220492 color=mygreen
7 287859 288944 1 27541378 27542463 color=mygreen
7 287859 288944 4 19303043 19304128 color=mygreen
7 287859 288944 4 19724464 19725549 color=mygreen
7 287859 288944 X 8236896 8237981 color=mygreen
7 287859 288944 3 29602117 29603202 color=mygreen
7 287859 288944 5 32754958 32756043 color=mygreen
1 22034501 22034821 1 14482939 14483259 color=mygreen
1 22034501 22034821 1 38786340 38786660 color=mygreen
1 22034501 22034821 1 42134227 42134547 color=mygreen
1 22034501 22034821 8 12311976 12312296 color=mygreen
1 22034501 22034821 8 13167844 13168164 color=mygreen
1 22034501 22034821 4 6211448 6211768 color=mygreen
1 22034501 22034821 4 27511473 27511793 color=mygreen
1 22034501 22034821 4 31239485 31239805 color=mygreen
1 22034501 22034821 X 6529932 6530252 color=mygreen
1 22034501 22034821 X 19646246 19646566 color=mygreen
1 22034501 22034821 2 3931518 3931838 color=mygreen
1 22034501 22034821 2 18447471 18447791 color=mygreen
1 22034501 22034821 2 29323805 29324125 color=mygreen
1 22034501 22034821 2 34498809 34499129 color=mygreen
1 22034501 22034821 2 35492386 35492706 color=mygreen
1 22034501 22034821 9 12423801 12424121 color=mygreen
1 22034501 22034821 9 13662500 13662820 color=mygreen
1 22034501 22034821 3 13260819 13261139 color=mygreen
1 22034501 22034821 3 22152930 22153250 color=mygreen
1 22034501 22034821 3 35822300 35822620 color=mygreen
1 22034501 22034821 6 714639 714959 color=mygreen
1 22034501 22034821 6 22682021 22682341 color=mygreen
1 22034501 22034821 5 17132689 17133009 color=mygreen
1 22034501 22034821 5 26398751 26399071 color=mygreen
1 22034501 22034821 5 30843009 30843329 color=mygreen
3 21250421 21251386 1 16868749 16869714 color=mygreen
3 21250421 21251386 8 18328453 18329418 color=mygreen
3 21250421 21251386 2 22295335 22296300 color=mygreen
3 21251461 21254208 1 16869789 16872536 color=mygreen
3 21251461 21254208 8 18329493 18332240 color=mygreen
3 21251461 21254208 8 26446370 26449117 color=mygreen
3 21251461 21254208 2 16697469 16700216 color=mygreen
3 21251461 21254208 2 33227623 33230370 color=mygreen
3 14153801 14155753 1 19499296 19501248 color=mygreen
3 14153801 14155753 8 28421899 28423851 color=mygreen
3 14153801 14155753 4 6190428 6192380 color=mygreen
6 25371688 25373689 1 19532602 19534603 color=mygreen
9 13881510 13881860 1 20051487 20051834 color=mygreen
9 13881510 13881860 4 10785207 10785554 color=mygreen
9 13881510 13881860 X 6527583 6527930 color=mygreen
9 13881510 13881860 2 29326127 29326474 color=mygreen
9 13881510 13881860 9 12176974 12177324 color=mygreen
9 13881510 13881860 9 12213653 12214003 color=mygreen
9 13881510 13881860 9 12272674 12273024 color=mygreen
9 13881510 13881860 9 12325473 12325823 color=mygreen
9 13881510 13881860 9 12372074 12372424 color=mygreen
9 13881510 13881860 9 12421450 12421800 color=mygreen
9 13881510 13881860 9 12960416 12960766 color=mygreen
9 13881510 13881860 9 13078629 13078979 color=mygreen
9 13881510 13881860 9 13160923 13161273 color=mygreen
9 13881510 13881860 9 13222997 13223347 color=mygreen
9 13881510 13881860 9 13602813 13603163 color=mygreen
9 13881510 13881860 9 13660152 13660502 color=mygreen
9 13881510 13881860 9 19501908 19502255 color=mygreen
9 13881510 13881860 6 716961 717308 color=mygreen
1 21515748 21516068 1 20053826 20054146 color=mygreen
1 21515748 21516068 1 30957893 30958213 color=mygreen
1 21515748 21516068 1 31230577 31230897 color=mygreen
1 21515748 21516068 1 44631403 44631723 color=mygreen
1 21515748 21516068 8 2698705 2699025 color=mygreen
1 21515748 21516068 8 6320194 6320514 color=mygreen
1 21515748 21516068 8 19500554 19500874 color=mygreen
1 21515748 21516068 4 3801983 3802303 color=mygreen
1 21515748 21516068 4 16239883 16240203 color=mygreen
1 21515748 21516068 X 8050752 8051072 color=mygreen
1 21515748 21516068 X 15253058 15253378 color=mygreen
1 21515748 21516068 2 2353984 2354304 color=mygreen
1 21515748 21516068 2 3921153 3921473 color=mygreen
1 21515748 21516068 2 27272208 27272528 color=mygreen
1 21515748 21516068 2 42409007 42409327 color=mygreen
1 21515748 21516068 9 6802586 6802906 color=mygreen
1 21515748 21516068 9 13080977 13081297 color=mygreen
1 21515748 21516068 9 19859530 19859850 color=mygreen
1 21515748 21516068 7 9036166 9036486 color=mygreen
1 21515748 21516068 7 20757393 20757713 color=mygreen
1 21515748 21516068 3 5966596 5966916 color=mygreen
1 21515748 21516068 3 6332074 6332394 color=mygreen
1 21515748 21516068 3 16713292 16713612 color=mygreen
1 21515748 21516068 3 41268664 41268984 color=mygreen
1 21515748 21516068 6 28053467 28053787 color=mygreen
1 22574910 22575654 1 21069222 21072693 color=mygreen
1 22574910 22575654 1 21326561 21329068 color=mygreen
1 22574910 22575654 1 24169045 24170327 color=mygreen
1 22574910 22575654 1 24290613 24292926 color=mygreen
1 22574910 22575654 7 16162280 16165689 color=mygreen
1 22574910 22575654 7 16170162 16173161 color=mygreen
1 23251094 23251783 1 21187864 21188553 color=mygreen
1 23251094 23251783 1 21259188 21259877 color=mygreen
1 23251094 23251783 1 23365117 23365806 color=mygreen
1 23251094 23251783 1 23491595 23492284 color=mygreen
1 23251094 23251783 1 23609590 23610279 color=mygreen
1 22525744 22526373 1 21188643 21189272 color=mygreen
1 22525744 22526373 1 21259967 21260596 color=mygreen
1 22525744 22526373 1 23320479 23321108 color=mygreen
1 22525744 22526373 1 23610369 23610998 color=mygreen
1 21936019 21937302 1 21205805 21207085 color=mygreen
1 21936019 21937302 1 21276592 21277872 color=mygreen
1 21936019 21937302 1 22451806 22453089 color=mygreen
1 21936019 21937302 1 23476056 23477336 color=mygreen
1 21936019 21937302 1 23627200 23628480 color=mygreen
1 22510830 22512464 1 21207368 21209002 color=mygreen
1 22510830 22512464 1 21278155 21279789 color=mygreen
1 22510830 22512464 1 23628763 23630397 color=mygreen
1 22653606 22655693 1 21403101 21405186 color=mygreen
1 21442640 21443373 1 21486273 21487006 color=mygreen
1 21442640 21443373 1 22005094 22005827 color=mygreen
1 21608732 21609178 1 21601164 21601825 color=mygreen
1 21608732 21609178 1 21604901 21605562 color=mygreen
1 21608732 21609178 1 21607226 21607887 color=mygreen
1 21608732 21609178 1 22111172 22111833 color=mygreen
1 21608732 21609178 1 22115376 22116037 color=mygreen
1 21608732 21609178 1 22116882 22117543 color=mygreen
1 21693043 21694976 1 22222861 22224794 color=mygreen
1 21699505 21700194 1 22229253 22229942 color=mygreen
1 21716821 21718878 1 22246517 22248576 color=mygreen
1 21775427 21775690 1 22311738 22312001 color=mygreen
1 21775427 21775690 1 24209948 24211363 color=mygreen
1 21793364 21794053 1 22328121 22328810 color=mygreen
1 21794120 21794665 1 22328877 22329422 color=mygreen
1 21811331 21812239 1 22346106 22347014 color=mygreen
1 21812441 21814528 1 22347216 22362718 color=mygreen
1 21844044 21844952 1 22389768 22390676 color=mygreen
1 22469278 22470936 1 22412070 22413728 color=mygreen
1 21880296 21882229 1 22428124 22430057 color=mygreen
1 22491177 22491866 1 22433701 22434390 color=mygreen
1 22729695 22730300 1 22434491 22435096 color=mygreen
1 22509276 22510553 1 23304011 23305288 color=mygreen
1 21994417 21996051 1 23305565 23307199 color=mygreen
1 21994417 21996051 1 23477619 23479253 color=mygreen
1 21994417 21996051 1 23511102 23512736 color=mygreen
1 22524971 22525654 1 23319706 23320389 color=mygreen
1 21969159 21971092 1 23328768 23331973 color=mygreen
1 23222307 23222987 1 23336362 23337042 color=mygreen
1 23240326 23243520 1 23354349 23357543 color=mygreen
1 22588270 22590161 1 23559391 23561330 color=mygreen
1 22681226 22682347 1 23585266 23586384 color=mygreen
1 23874043 23874306 1 23700500 23700763 color=mygreen
1 23874043 23874306 1 23911675 23911938 color=mygreen
1 23874043 23874306 1 23945252 23945515 color=mygreen
1 23874043 23874306 4 21293012 21293491 color=mygreen
1 23874043 23874306 4 21316701 21317180 color=mygreen
1 23874043 23874306 7 13069714 13071568 color=mygreen
1 23874043 23874306 6 16822445 16825710 color=mygreen
1 23961707 23962237 1 23753572 23754333 color=mygreen
1 23961707 23962237 1 23767964 23768725 color=mygreen
1 23961707 23962237 1 23774941 23775702 color=mygreen
1 23854883 23855236 1 23851825 23852465 color=mygreen
1 24083372 24085396 1 24058992 24061016 color=mygreen
3 28354016 28355470 1 25060429 25061883 color=mygreen
3 28354016 28355470 4 15833007 15834461 color=mygreen
3 28354016 28355470 2 28260135 28261589 color=mygreen
3 28354016 28355470 3 19639904 19641358 color=mygreen
8 15496842 15497408 1 26739423 26739989 color=mygreen
8 15496842 15497408 2 27768533 27769099 color=mygreen
8 15496842 15497408 9 25872102 25872668 color=mygreen
8 15496842 15497408 5 27532200 27532766 color=mygreen
2 26655512 26656744 1 29202802 29204031 color=mygreen
2 26655512 26656744 2 26031242 26032471 color=mygreen
3 21663747 21666449 1 46160481 46163183 color=mygreen
3 21668820 21669068 1 46165566 46165814 color=mygreen
3 21668820 21669068 3 19613410 19613658 color=mygreen
1 33335988 33336308 8 8177974 8178294 color=mygreen
1 33335988 33336308 8 18805298 18805618 color=mygreen
1 33335988 33336308 4 10787556 10787876 color=mygreen
1 33335988 33336308 4 14763386 14763706 color=mygreen
1 33335988 33336308 4 16929613 16929933 color=mygreen
1 33335988 33336308 X 7621924 7622244 color=mygreen
1 33335988 33336308 2 12893464 12893784 color=mygreen
1 33335988 33336308 9 1151877 1152197 color=mygreen
1 33335988 33336308 9 12374425 12374742 color=mygreen
1 33335988 33336308 9 13605161 13605481 color=mygreen
1 33335988 33336308 9 16449423 16449743 color=mygreen
1 33335988 33336308 7 8967987 8968307 color=mygreen
1 33335988 33336308 3 28340739 28341059 color=mygreen
1 33335988 33336308 6 2617241 2617561 color=mygreen
1 33335988 33336308 6 21682602 21682922 color=mygreen
6 15372513 15372725 8 14244610 14246554 color=mygreen
6 15372513 15372725 8 14260737 14262681 color=mygreen
6 15372513 15372725 9 11852655 11854030 color=mygreen
8 14533383 14533607 8 14890585 14890809 color=mygreen
8 14604911 14605342 8 14932489 14932920 color=mygreen
5 19517335 19518708 8 15005992 15020440 color=mygreen
8 15581729 15582133 8 15870826 15871230 color=mygreen
1 21614417 21620286 8 16121205 16127452 color=mygreen
1 21614417 21620286 6 14167088 14176137 color=mygreen
2 816391 816675 8 28463386 28463667 color=mygreen
2 816391 816675 2 905335 905616 color=mygreen
2 816391 816675 7 36727731 36728012 color=mygreen
X 9042007 9042857 4 16074370 16075223 color=myred
X 9042007 9042857 X 8742335 8743185 color=myred
X 9042007 9042857 X 8938497 8939347 color=myred
X 9042007 9042857 X 12064700 12065551 color=myred
X 9042007 9042857 X 12241490 12242341 color=myred
X 9042007 9042857 9 14678552 14679403 color=myred
X 9042007 9042857 3 18775472 18776324 color=myred
X 9042007 9042857 3 23574546 23575398 color=myred
X 9042007 9042857 6 13282769 13283621 color=myred
X 9042007 9042857 6 13372574 13373426 color=myred
X 9042007 9042857 6 17384519 17385371 color=myred
X 9042007 9042857 6 17523404 17524255 color=myred
6 15627328 15629997 4 16480958 16483624 color=mygreen
8 15492868 15495750 4 16692347 16695229 color=mygreen
8 15492868 15495750 2 27770191 27773073 color=mygreen
7 14156722 14157027 4 17776373 17777390 color=mygreen
7 14156722 14157027 7 13564720 13565025 color=mygreen
7 14156722 14157027 7 13730346 13730651 color=mygreen
7 14156722 14157027 7 13908230 13908535 color=mygreen
7 14156722 14157027 7 13914553 13914858 color=mygreen
7 14156722 14157027 7 14016612 14016917 color=mygreen
7 14156722 14157027 6 13860924 13862218 color=mygreen
7 14156722 14157027 6 14023166 14024467 color=mygreen
7 14156722 14157027 6 14759944 14761196 color=mygreen
7 14156722 14157027 6 14785191 14786443 color=mygreen
6 15651170 15651397 4 18384975 18386084 color=mygreen
6 15651170 15651397 X 9893962 9894260 color=mygreen
6 15651170 15651397 9 11877860 11878970 color=mygreen
6 15651170 15651397 7 14272993 14274208 color=mygreen
6 15651170 15651397 6 15642222 15642458 color=mygreen
6 15651170 15651397 6 16169121 16169348 color=mygreen
6 15651170 15651397 6 16179414 16179650 color=mygreen
6 15651170 15651397 6 16469251 16469487 color=mygreen
6 15651170 15651397 6 16476614 16476850 color=mygreen
6 15651170 15651397 6 16702250 16702486 color=mygreen
6 15651170 15651397 6 17155078 17155314 color=mygreen
9 12047754 12047987 4 18414160 18416416 color=mygreen
3 21533011 21533997 4 18431395 18432378 color=mygreen
3 21533011 21533997 3 19955935 19956921 color=mygreen
6 15439954 15440220 4 18475762 18477183 color=mygreen
6 15439954 15440220 4 18873020 18874307 color=mygreen
6 15439954 15440220 4 19754436 19755723 color=mygreen
6 15439954 15440220 6 16192305 16192571 color=mygreen
4 19448576 19448782 4 18527389 18527595 color=mygreen
4 19448576 19448782 4 18564342 18564548 color=mygreen
4 19448576 19448782 4 18572514 18572720 color=mygreen
4 19448576 19448782 4 18608039 18608245 color=mygreen
4 19448576 19448782 4 18615011 18615217 color=mygreen
4 19448576 19448782 4 18716298 18716504 color=mygreen
4 19448576 19448782 4 18770658 18770864 color=mygreen
4 19448576 19448782 4 18815930 18816136 color=mygreen
4 19448576 19448782 4 18829405 18829611 color=mygreen
4 19448576 19448782 4 18839410 18839616 color=mygreen
4 19448576 19448782 4 19007845 19008051 color=mygreen
4 19448576 19448782 4 19042515 19042721 color=mygreen
4 19448576 19448782 4 19117648 19117854 color=mygreen
4 19448576 19448782 4 19124835 19125041 color=mygreen
4 19448576 19448782 4 19211024 19211230 color=mygreen
4 19448576 19448782 4 19267139 19267345 color=mygreen
4 19448576 19448782 4 19312581 19312787 color=mygreen
4 19448576 19448782 4 19415981 19416187 color=mygreen
4 19448576 19448782 4 19549190 19549396 color=mygreen
4 19448576 19448782 4 19684345 19684551 color=mygreen
4 19448576 19448782 6 14969118 14969324 color=mygreen
4 19448576 19448782 6 14973300 14973506 color=mygreen
4 19448576 19448782 6 14987891 14988097 color=mygreen
4 19448576 19448782 6 14996789 14996992 color=mygreen
4 19448576 19448782 6 15003154 15003357 color=mygreen
4 19448576 19448782 6 15562827 15563033 color=mygreen
4 19448576 19448782 6 15645347 15645553 color=mygreen
4 19448576 19448782 6 15649262 15649468 color=mygreen
4 19448576 19448782 6 15656931 15657134 color=mygreen
4 19448576 19448782 6 15717240 15717510 color=mygreen
4 19448576 19448782 6 15752462 15752732 color=mygreen
4 19448576 19448782 6 15875761 15875967 color=mygreen
4 19448576 19448782 6 15895677 15895883 color=mygreen
4 19448576 19448782 6 16152771 16152977 color=mygreen
4 19448576 19448782 6 16186739 16186942 color=mygreen
4 19448576 19448782 6 16404197 16404403 color=mygreen
4 19448576 19448782 6 16414806 16415012 color=mygreen
4 19448576 19448782 6 16437906 16438112 color=mygreen
4 19448576 19448782 6 16461796 16462002 color=mygreen
4 19448576 19448782 6 16480146 16480349 color=mygreen
4 19448576 19448782 6 16675641 16675847 color=mygreen
4 19448576 19448782 6 16689408 16689614 color=mygreen
4 19448576 19448782 6 16858679 16858885 color=mygreen
4 19448576 19448782 6 16886777 16886983 color=mygreen
4 19448576 19448782 6 16893762 16893968 color=mygreen
4 19448576 19448782 6 16906591 16906797 color=mygreen
4 19448576 19448782 6 16909574 16909780 color=mygreen
4 19448576 19448782 6 17092591 17092797 color=mygreen
4 19448576 19448782 6 17099884 17100090 color=mygreen
4 19448576 19448782 6 17110138 17110344 color=mygreen
4 19448576 19448782 6 17131356 17131562 color=mygreen
4 19440679 19440972 4 18554211 18554504 color=mygreen
4 19440679 19440972 4 19034394 19034687 color=mygreen
4 19440679 19440972 6 14984513 14985008 color=mygreen
4 19440679 19440972 6 14988174 14988467 color=mygreen
4 19440679 19440972 6 15867615 15868110 color=mygreen
4 19440679 19440972 6 16126182 16126677 color=mygreen
4 19440679 19440972 6 16891155 16891448 color=mygreen
4 19440679 19440972 6 17087715 17088008 color=mygreen
4 19440679 19440972 6 17122599 17123094 color=mygreen
4 20124131 20125072 4 18894096 18895037 color=mygreen
4 20124131 20125072 4 18937236 18938177 color=mygreen
4 20124131 20125072 4 19912485 19913426 color=mygreen
4 20013174 20015221 4 18910086 18912133 color=mygreen
4 20013174 20015221 4 19378130 19380177 color=mygreen
4 20013174 20015221 4 19796026 19798073 color=mygreen
4 20710190 20711882 4 19347190 19348879 color=mygreen
4 20710190 20711882 4 19360695 19362384 color=mygreen
4 20710190 20711882 4 19783511 19785200 color=mygreen
4 20076509 20078375 4 19864916 19866782 color=mygreen
4 20626668 20629187 4 20485450 20487679 color=mygreen
4 20812924 20816552 4 20838876 20842490 color=mygreen
4 20812924 20816552 4 20848975 20852589 color=mygreen
6 13350467 13350937 4 21684422 21684892 color=mygreen
6 13350467 13350937 6 13255678 13256148 color=mygreen
6 13350467 13350937 6 13445936 13446406 color=mygreen
6 13350467 13350937 6 13488960 13489430 color=mygreen
6 13350467 13350937 6 13527554 13528024 color=mygreen
6 13350467 13350937 6 13566068 13566538 color=mygreen
8 10876195 10879020 4 22811990 22814815 color=mygreen
8 10876195 10879020 2 8170280 8173105 color=mygreen
8 10876195 10879020 7 19972662 19975487 color=mygreen
7 310921 311607 4 41395734 41396420 color=mygreen
7 310921 311607 X 22363708 22364394 color=mygreen
7 310921 311607 X 22512163 22512849 color=mygreen
7 310921 311607 X 22539319 22540005 color=mygreen
7 310921 311607 X 22698589 22699275 color=mygreen
7 310921 311607 2 200900 201586 color=mygreen
7 310921 311607 2 45054316 45055002 color=mygreen
7 310921 311607 9 176459 177145 color=mygreen
7 310921 311607 7 498916 499602 color=mygreen
1 49091701 49092039 4 41493471 41493809 color=mygreen
1 49091701 49092039 2 45274737 45275075 color=mygreen
1 49091701 49092039 9 106820 107158 color=mygreen
1 49091701 49092039 7 83909 84247 color=mygreen
7 15818408 15819526 X 7759928 7761046 color=mygreen
7 15818408 15819526 7 35369864 35370982 color=mygreen
7 15818408 15819526 6 14860358 14861476 color=mygreen
7 15818408 15819526 6 15187149 15188267 color=mygreen
7 15818408 15819526 6 15221358 15222476 color=mygreen
X 9069795 9070607 X 8798827 8800374 color=myred
X 9109497 9110309 X 8876638 8878185 color=myred
X 10246171 10246531 X 9227952 9231109 color=myred
X 10246171 10246531 X 10397818 10398027 color=myred
X 10246171 10246531 X 10398488 10398700 color=myred
X 9577211 9577483 X 9672388 9673087 color=myred
X 9577211 9577483 X 9728899 9729171 color=myred
X 9577211 9577483 X 9729527 9729799 color=myred
X 9577211 9577483 X 9730531 9730803 color=myred
X 9577211 9577483 X 9731145 9731417 color=myred
X 9577211 9577483 X 9731696 9731968 color=myred
X 9577211 9577483 X 9732700 9732972 color=myred
X 9383912 9387519 X 9677669 9681420 color=myred
X 9530910 9534135 X 9691262 9696128 color=myred
X 9578843 9579106 X 9733314 9733577 color=myred
X 10392169 10393974 X 10386496 10387430 color=myred
X 9597101 9598006 X 10793004 10793909 color=myred
X 9597101 9598006 7 33413382 33414287 color=myred
X 9597101 9598006 5 19950063 19950968 color=myred
X 9597101 9598006 5 19961411 19962316 color=myred
X 9597101 9598006 5 19990902 19991807 color=myred
X 11254672 11257526 X 11201649 11204503 color=myred
1 49046971 49047343 X 11842975 11843347 color=mygreen
6 13338800 13339377 X 11986469 12061697 color=mygreen
6 13338800 13339377 6 13286568 13287145 color=mygreen
6 13338800 13339377 6 13376408 13376985 color=mygreen
6 13338800 13339377 6 13434967 13435544 color=mygreen
6 13338800 13339377 6 13473168 13473745 color=mygreen
6 13338800 13339377 6 13516299 13516876 color=mygreen
6 13338800 13339377 6 13554812 13555389 color=mygreen
X 12090587 12091669 X 12013373 12014307 color=myred
X 12090587 12091669 X 12015561 12016495 color=myred
X 12090587 12091669 X 12174200 12175134 color=myred
X 12107033 12108469 X 12190509 12191956 color=myred
1 20393298 20398212 X 12255914 12260820 color=mygreen
8 28127214 28127723 X 22203270 22203776 color=mygreen
2 25383993 25384847 X 22278726 22279580 color=mygreen
2 25383993 25384847 X 22453962 22454816 color=mygreen
2 23190606 23191575 2 22772726 22773695 color=mygreen
2 23190606 23191575 2 27782287 27783256 color=mygreen
2 23358627 23359596 2 23375379 23376348 color=mygreen
2 23165951 23166920 2 23389854 23390823 color=mygreen
2 23201843 23202812 2 23434593 23435562 color=mygreen
2 23201843 23202812 2 23485045 23486014 color=mygreen
2 24247689 24248658 2 23450295 23451264 color=mygreen
2 24231193 24232162 2 23500747 23501716 color=mygreen
2 24602281 24602643 2 23657065 23657427 color=mygreen
2 23938049 23938357 2 23659093 23659398 color=mygreen
2 23938049 23938357 2 24663317 24663625 color=mygreen
2 23938049 23938357 2 25202109 25202414 color=mygreen
2 23938049 23938357 9 12378586 12379472 color=mygreen
2 26475164 26476039 2 23660077 23660952 color=mygreen
2 26475164 26476039 2 25652074 25652949 color=mygreen
2 26475164 26476039 2 26077636 26078511 color=mygreen
2 25037630 25037968 2 23661062 23661400 color=mygreen
2 25037630 25037968 2 26078621 26078959 color=mygreen
2 25777605 25783366 2 23688375 23693964 color=mygreen
2 25777605 25783366 2 27174909 27180610 color=mygreen
2 24387283 24393938 2 23696774 23703429 color=mygreen
2 24109049 24109966 2 23755325 23756244 color=mygreen
2 24109049 24109966 2 24825479 24826396 color=mygreen
2 24109049 24109966 2 25772488 25773404 color=mygreen
2 24109049 24109966 2 26219443 26220360 color=mygreen
2 26523653 26524261 2 23928819 23929427 color=mygreen
2 25354843 25355073 2 24131622 24131936 color=mygreen
2 25354843 25355073 2 24847988 24848302 color=mygreen
2 25354843 25355073 2 26811541 26811771 color=mygreen
2 25354843 25355073 2 26899230 26899460 color=mygreen
2 25354843 25355073 2 27204730 27204960 color=mygreen
2 26783423 26784031 2 24651918 24652526 color=mygreen
2 26783423 26784031 2 26137915 26138523 color=mygreen
2 26783423 26784031 2 27113607 27114215 color=mygreen
2 23939154 23939906 2 24664422 24665174 color=mygreen
2 23940026 23940334 2 24665294 24665602 color=mygreen
2 23956566 23958092 2 24682832 24684343 color=mygreen
2 23964285 23965751 2 24691180 24692646 color=mygreen
2 23967039 23967818 2 24693934 24694713 color=mygreen
2 27091556 27091949 2 24698803 24699196 color=mygreen
2 26770584 26771006 2 24708012 24708434 color=mygreen
2 23983005 23983700 2 24709851 24710546 color=mygreen
2 25261261 25261869 2 24738562 24739170 color=mygreen
2 24021199 24022380 2 24739855 24741036 color=mygreen
2 24021199 24022380 2 26152247 26153428 color=mygreen
2 24021199 24022380 2 27125238 27126419 color=mygreen
2 24023992 24025173 2 24742648 24743829 color=mygreen
2 24023992 24025173 2 27128031 27129212 color=mygreen
2 24025312 24026466 2 24743968 24745122 color=mygreen
2 24031275 24031829 2 24749749 24750303 color=mygreen
2 24034816 24035301 2 24753288 24753773 color=mygreen
2 24045284 24045634 2 24763889 24764239 color=mygreen
2 24045284 24045634 2 27148201 27148551 color=mygreen
2 24066710 24077918 2 24785171 24796351 color=mygreen
2 24080717 24083636 2 24799150 24802069 color=mygreen
2 24080717 24083636 2 25442342 25445264 color=mygreen
2 24122513 24125432 2 24838879 24841798 color=mygreen
2 26368329 26368757 2 24860984 24861975 color=mygreen
2 26368329 26368757 2 24863620 24864611 color=mygreen
2 26368329 26368757 2 24866256 24867247 color=mygreen
2 26368329 26368757 2 25958161 25958589 color=mygreen
2 26973442 26975501 2 24907440 24911550 color=mygreen
9 14324586 14327691 2 24921684 24927406 color=mygreen
2 24378878 24384473 2 25435114 25439532 color=mygreen
2 24586001 24591719 2 25624908 25637092 color=mygreen
2 23879247 23879675 2 25650967 25651395 color=mygreen
2 26735625 26735963 2 25653059 25653397 color=mygreen
5 21331642 21331923 2 25748528 25768318 color=mygreen
5 21331642 21331923 3 19588528 19591255 color=mygreen
5 21331642 21331923 5 20289839 20291349 color=mygreen
2 25837343 25837915 2 25832406 25832978 color=mygreen
2 25837343 25837915 2 26879545 26880570 color=mygreen
2 25824244 25825959 2 25861773 25863488 color=mygreen
2 26287338 26288541 2 25886420 25887623 color=mygreen
2 26291045 26292584 2 25890127 25891666 color=mygreen
2 26291045 26292584 2 27237784 27239323 color=mygreen
2 26292901 26296471 2 25891982 25895552 color=mygreen
2 26292901 26296471 2 27239639 27243216 color=mygreen
2 26296960 26297313 2 25896040 25896393 color=mygreen
2 26301889 26302281 2 25900810 25901202 color=mygreen
2 26830075 26831452 2 25901372 25902750 color=mygreen
2 26557926 26567860 2 25924805 25929924 color=mygreen
2 26570663 26573083 2 25932727 25935147 color=mygreen
2 26396020 26400703 2 25994892 26014059 color=mygreen
2 26716505 26722916 2 26056719 26063053 color=mygreen
2 26473039 26473635 2 26075511 26076107 color=mygreen
2 26495210 26495830 2 26100954 26101574 color=mygreen
2 26756474 26757253 2 26102407 26103189 color=mygreen
2 26510730 26511152 2 26116523 26116945 color=mygreen
2 26772423 26773118 2 26118362 26119057 color=mygreen
2 24019906 24020514 2 26150954 26151562 color=mygreen
2 25200081 25200443 2 26194637 26194999 color=mygreen
2 25033861 25034457 2 26195192 26195788 color=mygreen
2 25035213 25035641 2 26196542 26196970 color=mygreen
2 25361345 25364241 2 26818488 26821245 color=mygreen
2 25361345 25364241 2 26905689 26908437 color=mygreen
2 25275708 25276028 2 27139056 27139376 color=mygreen
2 25316365 25319247 2 27183419 27186320 color=mygreen
2 26936312 26936701 2 27248650 27249039 color=mygreen
2 26302451 26303829 2 27249209 27250587 color=mygreen
6 6679824 6680102 2 41474145 41474423 color=mygreen
9 13873771 13875664 9 12167995 12169867 color=mygreen
9 13873771 13875664 9 13153615 13155508 color=mygreen
9 13873771 13875664 9 13652413 13654306 color=mygreen
9 12707033 12707818 9 12178860 12179645 color=mygreen
9 12707033 12707818 9 12215539 12216324 color=mygreen
9 12816799 12817116 9 12183401 12183718 color=mygreen
9 12816799 12817116 9 13092306 13092623 color=mygreen
9 13891346 13891876 9 12186801 12187331 color=mygreen
9 12635568 12636740 9 12220025 12221197 color=mygreen
9 12713134 12713409 9 12221652 12221927 color=mygreen
9 12713134 12713409 9 12333530 12333805 color=mygreen
9 12767190 12767720 9 12223418 12223948 color=mygreen
9 12893778 12894499 9 12268505 12269059 color=mygreen
9 12893778 12894499 9 12956249 12956803 color=mygreen
9 12893778 12894499 9 13218830 13219384 color=mygreen
9 13953151 13954878 9 12269909 12271636 color=mygreen
9 13889915 13891144 9 12281058 12282287 color=mygreen
9 13965589 13966119 9 12282489 12283019 color=mygreen
9 13965589 13966119 9 12970169 12970699 color=mygreen
9 13965589 13966119 9 13232753 13233283 color=mygreen
9 12686448 12691216 9 12295117 12299471 color=mygreen
9 14031817 14032602 9 12327359 12328144 color=mygreen
9 13822546 13822995 9 12332625 12333074 color=mygreen
9 13822546 13822995 9 13531417 13531866 color=mygreen
9 12863333 12864550 9 12333869 12335086 color=mygreen
9 12863333 12864550 9 12379722 12380939 color=mygreen
9 12863333 12864550 9 13406121 13407338 color=mygreen
9 12863333 12864550 9 13449188 13450405 color=mygreen
9 12863333 12864550 9 13472290 13473507 color=mygreen
9 12570348 12570614 9 12353771 12354051 color=mygreen
9 12570348 12570614 9 12522447 12522727 color=mygreen
9 12570348 12570614 9 12563383 12563663 color=mygreen
9 12570348 12570614 9 13110381 13110661 color=mygreen
9 12570348 12570614 9 13378270 13378550 color=mygreen
9 12659448 12660300 9 12377004 12377856 color=mygreen
9 13738815 13739345 9 12381141 12381671 color=mygreen
9 12095567 12097366 9 12400206 12401275 color=mygreen
9 12095567 12097366 9 13558563 13559632 color=mygreen
9 13878124 13880487 9 12418056 12420419 color=mygreen
9 12600274 12601981 9 12427345 12429046 color=mygreen
9 13963819 13964094 9 12429502 12429777 color=mygreen
9 13823790 13825019 9 12429841 12431070 color=mygreen
9 12544323 12547249 9 12578764 12581349 color=mygreen
9 12831520 12838603 9 12842691 12849360 color=mygreen
9 12831520 12838603 9 13385363 13393110 color=mygreen
9 12701752 12702381 9 12957017 12957646 color=mygreen
9 12701752 12702381 9 13219598 13220227 color=mygreen
9 12895183 12896910 9 12957654 12959381 color=mygreen
9 12895183 12896910 9 13220235 13221962 color=mygreen
9 13341255 13342040 9 12962298 12963083 color=mygreen
9 13823451 13823726 9 12968399 12968674 color=mygreen
9 13255826 13256399 9 12988599 12989172 color=mygreen
9 13276714 13280058 9 12996137 12999545 color=mygreen
9 13276714 13280058 9 14012914 14019285 color=mygreen
9 13285933 13290320 9 13006080 13010474 color=mygreen
9 12756916 12758954 9 13011724 13013762 color=mygreen
9 12759249 12760034 9 13014057 13014842 color=mygreen
9 13297835 13299542 9 13018065 13019768 color=mygreen
9 12765420 12765695 9 13020224 13020499 color=mygreen
9 12765420 12765695 9 13169067 13169342 color=mygreen
9 12533696 12534226 9 13021994 13022524 color=mygreen
9 12533696 12534226 9 13450607 13451137 color=mygreen
9 12533696 12534226 9 13473709 13474239 color=mygreen
9 12809924 12811961 9 13085431 13087468 color=mygreen
9 14342699 14343484 9 13087763 13088548 color=mygreen
9 12531941 12532216 9 13093936 13094211 color=mygreen
9 12531941 12532216 9 13230982 13231257 color=mygreen
9 13349187 13349717 9 13095707 13096237 color=mygreen
9 12880056 12880702 9 13140481 13141127 color=mygreen
9 12899816 12900601 9 13162806 13163591 color=mygreen
9 13962337 13962654 9 13167350 13167667 color=mygreen
9 12907052 12907648 9 13170043 13170639 color=mygreen
9 12907052 12907648 9 13611847 13612443 color=mygreen
9 12907052 12907648 9 13669188 13669784 color=mygreen
9 12604212 12604742 9 13170841 13171371 color=mygreen
9 12604212 12604742 9 13407540 13408070 color=mygreen
9 13730885 13731670 9 13224879 13225664 color=mygreen
9 12711566 12711883 9 13229413 13229730 color=mygreen
9 12857037 12857609 9 13399825 13400397 color=mygreen
9 12660709 12661158 9 13404877 13405326 color=mygreen
9 12637196 12637471 9 13405782 13406057 color=mygreen
9 13821286 13822138 9 13446724 13447576 color=mygreen
9 13821286 13822138 9 13469826 13470678 color=mygreen
9 13299998 13300273 9 13448849 13449124 color=mygreen
9 12661615 12661890 9 13471951 13472226 color=mygreen
9 12638954 12639484 9 13534079 13534609 color=mygreen
9 12862934 12863269 9 13668152 13668487 color=mygreen
9 12672243 12672803 9 13688488 13689033 color=mygreen
9 12891028 12892092 9 13721250 13722314 color=mygreen
9 14282289 14283889 9 14226990 14229446 color=mygreen
9 14282289 14283889 9 14313789 14316259 color=mygreen
9 14282289 14283889 9 14414061 14416523 color=mygreen
2 23270033 23272836 9 14548679 14550344 color=mygreen
1 49094948 49100784 7 75131 81000 color=mygreen
1 49094948 49100784 5 39744524 39787504 color=mygreen
7 306613 307620 7 494608 495615 color=mygreen
7 308005 308868 7 496000 496863 color=mygreen
7 392218 393042 7 562342 563166 color=mygreen
1 22547758 22549179 7 9113207 9114625 color=mygreen
7 12993653 12995665 7 12977957 12979969 color=mygreen
7 12995896 12996306 7 12980200 12980610 color=mygreen
7 12996460 12996720 7 12980764 12981024 color=mygreen
7 12996739 12997287 7 12981043 12981591 color=mygreen
7 13264798 13266068 7 13318822 13320092 color=mygreen
7 13096696 13096971 7 13482608 13484186 color=mygreen
7 13096696 13096971 7 13519947 13521525 color=mygreen
7 14162731 14164188 7 13678774 13680231 color=mygreen
7 14162731 14164188 7 13688238 13689695 color=mygreen
7 14162731 14164188 7 13972687 13974144 color=mygreen
8 15469254 15471327 7 14589127 14590688 color=mygreen
8 15469254 15471327 6 15782545 15790613 color=mygreen
8 15469254 15471327 6 16265746 16272787 color=mygreen
7 15353429 15354056 7 15463847 15464474 color=mygreen
7 15353429 15354056 7 15534299 15534933 color=mygreen
7 15353429 15354056 7 15622358 15622985 color=mygreen
7 15820265 15822385 7 35371721 35373841 color=mygreen
7 15820265 15822385 3 16612690 16614810 color=mygreen
7 315278 316069 7 36784141 36784929 color=mygreen
7 315278 316069 5 39705280 39706068 color=mygreen
X 15152511 15153031 3 7316990 7318032 color=myred
3 20754940 20756534 3 20018021 20019616 color=mygreen
3 20771360 20774149 3 20033326 20036115 color=mygreen
3 20788128 20790917 3 20046354 20049143 color=mygreen
3 20822316 20825105 3 20068804 20071593 color=mygreen
3 21599307 21600560 3 20121095 20122348 color=mygreen
3 21600634 21603301 3 20122422 20125089 color=mygreen
3 21600634 21603301 3 20870728 20873395 color=mygreen
3 21946037 21949402 3 20179323 20182697 color=mygreen
3 21398665 21406035 3 20425321 20436691 color=mygreen
3 21398665 21406035 3 21108300 21116640 color=mygreen
3 20373336 20377980 3 20449496 20476810 color=mygreen
3 21864207 21865460 3 20869401 20870654 color=mygreen
3 21368327 21370201 3 21179436 21181606 color=mygreen
3 21374378 21377020 3 21210678 21218981 color=mygreen
3 21343841 21345748 3 21309633 21314046 color=mygreen
3 22002164 22003330 3 22149341 22150510 color=mygreen
3 22002164 22003330 3 22186665 22187834 color=mygreen
3 22061297 22061686 3 22249205 22249594 color=mygreen
3 22062814 22065713 3 22250722 22253663 color=mygreen
3 22795282 22795886 3 22273665 22274269 color=mygreen
3 22795282 22795886 3 22280227 22280777 color=mygreen
3 22795282 22795886 3 22433512 22434116 color=mygreen
3 22459429 22459797 3 22321642 22323294 color=mygreen
3 22459429 22459797 3 22543576 22543944 color=mygreen
3 22459429 22459797 3 22600773 22601141 color=mygreen
4 18262983 18268368 3 22484488 22548694 color=mygreen
3 21473412 21473828 3 27382072 27382488 color=mygreen
3 31326550 31326756 3 31330310 31330516 color=mygreen
7 10564347 10565353 3 39395437 39396444 color=mygreen
5 1693054 1694754 6 38011 39711 color=mygreen
5 1693054 1694754 6 82389 84089 color=mygreen
5 1693054 1694754 6 147831 149531 color=mygreen
5 1693054 1694754 6 182777 184477 color=mygreen
5 1694783 1697436 6 39740 42393 color=mygreen
5 1694783 1697436 6 79707 82360 color=mygreen
5 1694783 1697436 6 145149 147802 color=mygreen
5 1694783 1697436 6 184506 187159 color=mygreen
1 26061441 26061802 6 144205 150062 color=mygreen
6 13356417 13356692 6 13265027 13265305 color=mygreen
6 13356417 13356692 6 13451881 13452159 color=mygreen
6 13356417 13356692 6 13494905 13495183 color=mygreen
6 13356417 13356692 6 13533499 13533777 color=mygreen
6 13356417 13356692 6 13571343 13571621 color=mygreen
6 13356417 13356692 6 17381456 17381734 color=mygreen
6 13335042 13338729 6 13431114 13434896 color=mygreen
6 13988956 13989225 6 13795700 13795969 color=mygreen
4 20603745 20604041 6 14434026 14437789 color=mygreen
6 15585771 15586037 6 15776070 15777522 color=mygreen
6 15585771 15586037 6 15972964 15974423 color=mygreen
6 15585771 15586037 6 15975268 15976727 color=mygreen
6 15585771 15586037 6 16771784 16772050 color=mygreen
6 15585771 15586037 6 17047584 17048985 color=mygreen
6 15714665 15714982 6 15927389 15927706 color=mygreen
6 16522391 16522708 6 15947074 15947391 color=mygreen
6 15817796 15818146 6 16064821 16065171 color=mygreen
6 15817796 15818146 6 16082820 16083170 color=mygreen
6 16599507 16600219 6 16080225 16080895 color=mygreen
6 16380708 16382407 6 16094728 16096427 color=mygreen
6 15670838 15671155 6 16205056 16205373 color=mygreen
5 18726094 18726747 5 18410682 18411335 color=mygreen
5 18726094 18726747 5 18485452 18486099 color=mygreen
5 18726094 18726747 5 18526703 18527353 color=mygreen
5 18726939 18728546 5 18411524 18413134 color=mygreen
5 18726939 18728546 5 18486288 18487898 color=mygreen
5 21413347 21414847 5 20191097 20194906 color=mygreen
5 21413347 21414847 5 20511926 20516963 color=mygreen
5 20813753 20814121 5 20258369 20258737 color=mygreen
5 20813753 20814121 5 20431195 20431563 color=mygreen
5 20813753 20814121 5 20901283 20901648 color=mygreen
5 20391213 20393278 5 20300303 20301695 color=mygreen
5 20391213 20393278 5 20311080 20312472 color=mygreen
5 20343826 20344338 5 20331323 20331835 color=mygreen
5 20645031 20649113 5 20368900 20615247 color=mygreen
5 21245893 21246454 5 20454158 20454719 color=mygreen
5 21245893 21246454 5 20746858 20747419 color=mygreen
5 21245893 21246454 5 20818145 20818706 color=mygreen
5 21245893 21246454 5 20833725 20834279 color=mygreen
5 21245893 21246454 5 20915872 20916433 color=mygreen
5 21245893 21246454 5 21214472 21215033 color=mygreen
5 21245893 21246454 5 21231856 21232417 color=mygreen
5 20690814 20698587 5 20625875 20633100 color=mygreen
5 20786919 20788297 5 20872146 20873601 color=mygreen
5 20808449 20811746 5 20876500 20879141 color=mygreen
5 20808449 20811746 5 20886949 20889590 color=mygreen
5 20808449 20811746 5 21180409 21183700 color=mygreen
5 21322327 21331365 5 20932702 20933977 color=mygreen
5 21322327 21331365 5 20957533 20958808 color=mygreen
5 21361191 21362015 5 21010824 21011648 color=mygreen
5 21361191 21362015 5 21036951 21037775 color=mygreen
5 21363161 21364427 5 21129209 21131654 color=mygreen
5 21370743 21372009 5 21153514 21155952 color=mygreen
5 21370743 21372009 5 21184980 21187279 color=mygreen
5 21368773 21369597 5 21346907 21347731 color=mygreen
5 21636180 21638030 5 21655290 21657140 color=mygreen
5 21636180 21638030 5 21674312 21676162 color=mygreen
1 49087649 49088025 5 39775936 39829347 color=mygreen
1 23148554 23151751 CASGFI010000004.1 62860 66057 color=mygreen
3 21910561 21913263 Y 633216 635918 color=mygreen
6 7163971 7164457 Y 2809790 2810276 color=mygreen
